mechanism,gcs_motor,sbp,rr,age,injuries,head_neck,thorax,abdomen,extremity,spine,is_severe_iss_gt15,estimated_iss,high_risk_flag,needs_rtc
미끄러짐,5,149,18,81,사지/골반골격|흉부|복부/골반장기,0,1,1,1,0,0,6,1,1
미끄러짐,5,94,13,23,체표면/기타|복부/골반장기,0,0,1,0,0,0,7,1,1
교통사고,6,116,12,39,사지/골반골격|두부/경부,1,0,0,1,0,0,4,0,0
교통사고,6,137,16,38,사지/골반골격|두부/경부|흉부|안면,1,1,0,1,0,0,7,0,0
교통사고,5,133,19,80,체표면/기타|두부/경부|흉부,1,1,0,0,0,0,4,1,1
교통사고,4,71,21,55,두부/경부,1,0,0,0,0,1,29,1,1
교통사고,3,82,27,42,사지/골반골격|두부/경부|흉부|복부/골반장기,1,1,1,1,0,1,20,1,1
부딪힘,5,127,17,80,체표면/기타|두부/경부|흉부,1,1,0,0,0,0,6,1,1
교통사고,5,114,18,39,두부/경부,1,0,0,0,0,0,1,1,1
교통사고,4,80,20,45,두부/경부,1,0,0,0,0,1,20,1,1
미끄러짐,5,161,15,54,사지/골반골격|흉부,0,1,0,1,0,0,6,1,1
교통사고,5,119,13,71,체표면/기타,0,0,0,0,0,0,9,1,1
교통사고,6,136,22,67,흉부|복부/골반장기,0,1,1,0,0,0,8,0,0
교통사고,5,66,14,78,사지/골반골격,0,0,0,1,0,1,21,1,1
교통사고,6,73,27,72,두부/경부|흉부|복부/골반장기,1,1,1,0,0,1,16,1,1
교통사고,6,135,13,63,사지/골반골격|체표면/기타,0,0,0,1,0,0,6,0,0
추락,6,101,20,81,사지/골반골격|체표면/기타,0,0,0,1,0,0,8,1,1
미끄러짐,6,139,15,51,사지/골반골격|두부/경부,1,0,0,1,0,0,8,0,0
교통사고,2,107,31,43,체표면/기타|두부/경부|흉부,1,1,0,0,0,1,16,1,1
기타,6,110,13,14,흉부|복부/골반장기,0,1,1,0,0,0,9,0,0
추락,6,160,21,32,체표면/기타|두부/경부|흉부|복부/골반장기,1,1,1,0,0,0,7,0,0
미끄러짐,4,64,21,63,체표면/기타|두부/경부,1,0,0,0,0,1,16,1,1
교통사고,4,89,19,60,두부/경부,1,0,0,0,0,1,16,1,1
교통사고,2,79,23,34,사지/골반골격|두부/경부,1,0,0,1,0,1,30,1,1
교통사고,6,121,17,33,안면,0,0,0,0,0,0,10,0,0
미끄러짐,6,117,20,13,사지/골반골격|체표면/기타,0,0,0,1,0,0,8,0,0
교통사고,5,102,17,41,사지/골반골격|두부/경부|흉부|복부/골반장기,1,1,1,1,0,1,29,1,1
교통사고,5,91,19,45,두부/경부,1,0,0,0,0,1,16,1,1
미끄러짐,4,114,20,41,사지/골반골격|체표면/기타|두부/경부,1,0,0,1,0,1,17,1,1
미끄러짐,6,130,17,42,체표면/기타,0,0,0,0,0,0,3,0,0
추락,6,107,16,24,체표면/기타,0,0,0,0,0,0,15,0,0
부딪힘,6,148,21,70,사지/골반골격,0,0,0,1,0,0,8,0,0
미끄러짐,6,122,15,21,두부/경부,1,0,0,0,0,0,5,0,0
추락,6,149,25,86,사지/골반골격|체표면/기타|두부/경부,1,0,0,1,0,0,8,0,0
교통사고,3,56,27,40,두부/경부,1,0,0,0,0,1,28,1,1
기타,6,92,10,73,사지/골반골격|체표면/기타|두부/경부|흉부|복부/골반장기|안면,1,1,1,1,0,0,5,1,1
교통사고,5,105,19,35,사지/골반골격|체표면/기타|두부/경부|흉부|복부/골반장기,1,1,1,1,0,1,19,1,1
미끄러짐,6,122,14,75,체표면/기타|두부/경부,1,0,0,0,0,0,4,0,0
미끄러짐,6,146,20,67,두부/경부,1,0,0,0,0,0,1,0,0
미끄러짐,3,76,32,80,체표면/기타|두부/경부|흉부,1,1,0,0,0,1,16,1,1
교통사고,3,122,22,43,사지/골반골격|체표면/기타|두부/경부|흉부|복부/골반장기,1,1,1,1,0,1,27,1,1
베임/찔림(관통상),6,100,20,67,두부/경부|흉부,1,1,0,0,0,1,16,1,1
미끄러짐,6,132,18,6,사지/골반골격|두부/경부|복부/골반장기,1,0,1,1,0,0,3,0,0
교통사고,5,101,25,60,사지/골반골격,0,0,0,1,0,1,16,1,1
기타,4,85,21,74,사지/골반골격|체표면/기타|두부/경부,1,0,0,1,0,1,16,1,1
베임/찔림(관통상),3,111,10,71,체표면/기타|흉부,0,1,0,0,0,1,21,1,1
교통사고,5,142,19,58,두부/경부|흉부,1,1,0,0,0,0,1,1,0
미끄러짐,6,136,15,67,사지/골반골격|체표면/기타,0,0,0,1,0,0,3,0,0
교통사고,4,114,23,92,사지/골반골격|흉부,0,1,0,1,0,1,16,1,1
교통사고,6,155,13,73,체표면/기타,0,0,0,0,0,0,1,0,0
교통사고,4,58,20,50,두부/경부|흉부|복부/골반장기,1,1,1,0,0,1,16,1,1
미끄러짐,6,88,15,27,흉부,0,1,0,0,0,0,8,1,1
교통사고,4,78,30,7,사지/골반골격|두부/경부|흉부,1,1,0,1,0,1,19,1,1
교통사고,5,120,20,4,사지/골반골격|두부/경부|흉부,1,1,0,1,0,0,5,1,1
교통사고,3,100,24,85,사지/골반골격|체표면/기타|흉부|복부/골반장기,0,1,1,1,0,1,30,1,0
교통사고,6,99,13,21,체표면/기타,0,0,0,0,0,0,2,0,0
교통사고,6,124,17,70,사지/골반골격|체표면/기타,0,0,0,1,0,0,9,0,0
교통사고,5,92,19,55,사지/골반골격|체표면/기타|두부/경부,1,0,0,1,0,0,9,1,1
추락,6,54,14,37,체표면/기타|두부/경부|흉부,1,1,0,0,0,1,26,1,1
미끄러짐,6,123,17,34,두부/경부|복부/골반장기|안면,1,0,1,0,0,0,5,0,0
미끄러짐,6,134,14,66,체표면/기타|두부/경부|복부/골반장기,1,0,1,0,0,0,5,0,0
교통사고,6,136,19,79,사지/골반골격|두부/경부|안면,1,0,0,1,0,0,10,0,0
기타,4,68,28,81,흉부,0,1,0,0,0,1,18,1,1
교통사고,6,117,17,60,사지/골반골격|안면,0,0,0,1,0,0,6,0,0
교통사고,6,112,22,53,체표면/기타,0,0,0,0,0,0,7,0,0
교통사고,3,53,14,80,두부/경부|흉부,1,1,0,0,0,1,22,1,1
추락,6,110,14,49,사지/골반골격|체표면/기타,0,0,0,1,0,0,7,0,0
미끄러짐,6,128,15,44,두부/경부|안면,1,0,0,0,0,0,3,0,0
기타,6,133,25,19,사지/골반골격|흉부,0,1,0,1,0,0,1,0,0
부딪힘,6,143,18,50,사지/골반골격,0,0,0,1,0,0,2,0,0
부딪힘,6,146,19,37,체표면/기타|안면,0,0,0,0,0,0,11,0,0
추락,6,135,11,37,체표면/기타,0,0,0,0,0,0,4,0,0
기타,5,141,12,18,체표면/기타,0,0,0,0,0,0,6,1,1
추락,1,85,9,70,사지/골반골격|두부/경부|흉부|복부/골반장기,1,1,1,1,0,1,30,1,1
교통사고,5,64,27,72,두부/경부|흉부|복부/골반장기,1,1,1,0,0,1,35,1,1
베임/찔림(관통상),2,89,20,40,체표면/기타,0,0,0,0,0,1,16,1,1
추락,1,91,26,66,사지/골반골격|두부/경부|흉부|안면,1,1,0,1,0,1,32,1,1
교통사고,6,117,16,36,체표면/기타|안면,0,0,0,0,0,0,6,0,0
교통사고,6,87,15,77,사지/골반골격|두부/경부|흉부|안면,1,1,0,1,0,1,16,1,1
미끄러짐,4,105,25,60,사지/골반골격|두부/경부|흉부,1,1,0,1,0,1,24,1,1
부딪힘,6,145,17,47,체표면/기타|두부/경부|흉부|복부/골반장기,1,1,1,0,0,0,8,0,0
기타,5,133,21,64,사지/골반골격|복부/골반장기,0,0,1,1,0,0,12,1,1
교통사고,4,95,25,60,사지/골반골격|두부/경부,1,0,0,1,0,1,23,1,1
미끄러짐,6,92,14,84,체표면/기타|복부/골반장기,0,0,1,0,0,0,2,1,1
교통사고,6,131,15,12,체표면/기타,0,0,0,0,0,0,12,0,0
추락,6,59,20,42,사지/골반골격|두부/경부|흉부,1,1,0,1,0,1,24,1,1
교통사고,5,82,34,76,체표면/기타|두부/경부|흉부|복부/골반장기,1,1,1,0,0,1,16,1,1
교통사고,4,84,24,53,두부/경부|복부/골반장기|안면,1,0,1,0,0,1,30,1,1
추락,5,76,33,77,흉부,0,1,0,0,0,1,25,1,1
교통사고,6,102,19,85,사지/골반골격|흉부,0,1,0,1,0,0,3,1,1
추락,6,117,20,55,복부/골반장기,0,0,1,0,0,0,3,0,1
교통사고,3,72,31,33,사지/골반골격|체표면/기타|두부/경부,1,0,0,1,0,1,24,1,1
베임/찔림(관통상),4,62,12,72,복부/골반장기,0,0,1,0,0,1,16,1,0
추락,5,118,19,19,사지/골반골격|체표면/기타,0,0,0,1,0,0,10,1,1
교통사고,2,97,16,66,사지/골반골격|두부/경부,1,0,0,1,0,1,19,1,1
교통사고,6,143,18,69,체표면/기타,0,0,0,0,0,0,7,0,0
교통사고,6,109,18,89,사지/골반골격|흉부|복부/골반장기|안면,0,1,1,1,0,0,4,1,1
추락,5,148,10,31,사지/골반골격|복부/골반장기|안면,0,0,1,1,0,0,3,1,1
미끄러짐,5,111,12,34,체표면/기타|흉부,0,1,0,0,0,0,9,1,1
미끄러짐,6,134,24,69,두부/경부|복부/골반장기,1,0,1,0,0,0,4,0,0
미끄러짐,6,141,19,70,사지/골반골격,0,0,0,1,0,0,4,0,0
교통사고,5,131,19,68,사지/골반골격|흉부,0,1,0,1,0,0,1,1,1
미끄러짐,6,123,16,49,사지/골반골격|체표면/기타|흉부,0,1,0,1,0,0,1,0,0
추락,5,166,15,74,사지/골반골격|체표면/기타|두부/경부|흉부|복부/골반장기|안면,1,1,1,1,0,0,10,1,1
미끄러짐,6,123,10,45,사지/골반골격|흉부|복부/골반장기,0,1,1,1,0,0,1,0,0
교통사고,5,111,15,34,체표면/기타,0,0,0,0,0,0,3,1,1
추락,6,97,16,57,두부/경부|안면,1,0,0,0,0,0,6,0,0
추락,4,70,21,57,사지/골반골격|두부/경부|흉부,1,1,0,1,0,1,19,1,1
미끄러짐,6,109,21,62,체표면/기타,0,0,0,0,0,0,4,0,0
추락,5,100,17,88,사지/골반골격|체표면/기타|흉부|복부/골반장기|안면,0,1,1,1,0,0,6,1,1
추락,3,109,18,70,사지/골반골격|흉부|복부/골반장기|안면,0,1,1,1,0,1,23,1,1
교통사고,6,99,14,59,두부/경부,1,0,0,0,0,0,5,0,0
추락,6,131,21,49,사지/골반골격|체표면/기타,0,0,0,1,0,0,10,0,0
교통사고,6,63,27,72,체표면/기타,0,0,0,0,0,1,18,1,1
미끄러짐,6,129,14,74,체표면/기타,0,0,0,0,0,0,5,0,0
추락,6,110,18,39,체표면/기타,0,0,0,0,0,0,2,0,0
추락,5,107,19,63,사지/골반골격|체표면/기타,0,0,0,1,0,0,4,1,1
베임/찔림(관통상),6,152,13,9,사지/골반골격|두부/경부,1,0,0,1,0,0,3,0,0
미끄러짐,6,143,14,79,체표면/기타|두부/경부|흉부,1,1,0,0,0,0,11,0,0
미끄러짐,6,106,16,73,체표면/기타,0,0,0,0,0,0,3,1,1
교통사고,4,107,14,46,사지/골반골격|체표면/기타|두부/경부|복부/골반장기,1,0,1,1,0,1,17,1,1
기타,6,118,19,35,체표면/기타|두부/경부,1,0,0,0,0,0,9,0,0
추락,5,93,24,43,사지/골반골격|체표면/기타|두부/경부|흉부,1,1,0,1,0,1,16,1,1
추락,1,87,7,53,체표면/기타|두부/경부,1,0,0,0,0,1,17,1,1
미끄러짐,5,99,11,90,체표면/기타|두부/경부|흉부,1,1,0,0,0,0,7,1,1
미끄러짐,6,124,13,43,체표면/기타,0,0,0,0,0,0,4,0,0
추락,6,108,14,73,사지/골반골격|체표면/기타|두부/경부|흉부,1,1,0,1,0,0,8,1,1
베임/찔림(관통상),6,131,20,40,체표면/기타,0,0,0,0,0,0,7,0,0
교통사고,6,109,21,48,두부/경부,1,0,0,0,0,0,10,0,0
베임/찔림(관통상),6,78,16,47,체표면/기타,0,0,0,0,0,1,18,1,1
기타,6,129,12,8,흉부,0,1,0,0,0,0,2,0,0
부딪힘,6,116,10,59,두부/경부|흉부,1,1,0,0,0,0,5,0,0
교통사고,3,117,20,63,복부/골반장기,0,0,1,0,0,1,16,1,1
추락,2,80,25,80,두부/경부|흉부|복부/골반장기,1,1,1,0,0,1,33,1,1
기타,6,133,21,45,체표면/기타,0,0,0,0,0,0,1,0,0
기타,4,84,24,77,두부/경부,1,0,0,0,0,1,19,1,1
교통사고,5,128,24,17,체표면/기타|두부/경부|복부/골반장기,1,0,1,0,0,0,5,1,1
추락,6,135,14,9,흉부,0,1,0,0,0,0,6,0,0
교통사고,6,131,19,76,사지/골반골격|체표면/기타,0,0,0,1,0,0,10,0,0
추락,6,136,16,31,체표면/기타,0,0,0,0,0,0,3,0,0
교통사고,2,87,20,15,체표면/기타|두부/경부|흉부|복부/골반장기|안면,1,1,1,0,0,1,16,1,1
교통사고,4,77,10,74,사지/골반골격|체표면/기타|두부/경부|흉부|복부/골반장기,1,1,1,1,0,1,28,1,1
미끄러짐,6,94,20,72,체표면/기타|안면,0,0,0,0,0,0,2,1,1
교통사고,5,76,20,30,사지/골반골격|체표면/기타|두부/경부|복부/골반장기|안면,1,0,1,1,0,1,21,1,1
기타,6,147,17,79,체표면/기타|흉부|안면,0,1,0,0,0,0,2,0,1
미끄러짐,5,113,17,28,체표면/기타,0,0,0,0,0,0,13,1,1
교통사고,6,117,10,69,사지/골반골격,0,0,0,1,0,0,12,0,0
교통사고,5,114,22,60,사지/골반골격|체표면/기타|두부/경부,1,0,0,1,0,0,3,1,1
기타,6,129,17,70,사지/골반골격|체표면/기타|두부/경부|복부/골반장기|안면,1,0,1,1,0,0,3,0,0
미끄러짐,6,126,21,76,사지/골반골격,0,0,0,1,0,0,4,0,0
미끄러짐,6,131,12,30,사지/골반골격|체표면/기타|두부/경부,1,0,0,1,0,0,6,0,0
교통사고,6,164,21,87,사지/골반골격|체표면/기타|두부/경부,1,0,0,1,0,0,6,0,0
베임/찔림(관통상),5,123,15,75,사지/골반골격|흉부,0,1,0,1,0,0,14,1,1
베임/찔림(관통상),5,106,14,59,체표면/기타,0,0,0,0,0,0,1,1,1
미끄러짐,6,119,21,72,사지/골반골격,0,0,0,1,0,0,4,0,1
미끄러짐,5,141,13,64,사지/골반골격|체표면/기타|흉부,0,1,0,1,0,0,7,1,1
교통사고,5,97,24,69,복부/골반장기,0,0,1,0,0,1,25,1,1
미끄러짐,5,112,10,44,흉부|복부/골반장기,0,1,1,0,0,0,4,1,1
교통사고,3,84,12,73,두부/경부|복부/골반장기,1,0,1,0,0,1,26,1,1
미끄러짐,6,125,20,67,흉부,0,1,0,0,0,0,3,0,0
교통사고,5,90,18,42,체표면/기타|흉부|복부/골반장기,0,1,1,0,0,1,16,1,1
교통사고,3,79,23,44,흉부,0,1,0,0,0,1,25,1,1
추락,6,144,12,55,두부/경부,1,0,0,0,0,0,11,0,0
미끄러짐,5,96,15,84,체표면/기타,0,0,0,0,0,0,1,1,1
추락,5,71,28,24,체표면/기타|흉부|안면,0,1,0,0,0,1,25,1,1
미끄러짐,5,101,16,29,사지/골반골격|흉부,0,1,0,1,0,0,1,1,1
추락,4,100,20,44,사지/골반골격|체표면/기타|흉부|복부/골반장기,0,1,1,1,0,1,28,1,0
교통사고,6,134,10,31,사지/골반골격|체표면/기타|안면,0,0,0,1,0,0,9,0,0
기타,6,126,16,33,사지/골반골격|체표면/기타|안면,0,0,0,1,0,0,6,0,0
추락,3,103,20,48,두부/경부|흉부|복부/골반장기,1,1,1,0,0,1,16,1,1
교통사고,6,125,14,44,복부/골반장기,0,0,1,0,0,0,1,0,0
교통사고,3,94,12,48,체표면/기타|두부/경부|복부/골반장기,1,0,1,0,0,1,23,1,1
기타,6,122,16,65,사지/골반골격|흉부,0,1,0,1,0,0,7,0,0
교통사고,3,84,14,49,두부/경부|흉부|복부/골반장기,1,1,1,0,0,1,24,1,1
교통사고,6,84,13,62,두부/경부|흉부,1,1,0,0,0,1,25,1,1
미끄러짐,6,111,17,29,사지/골반골격|체표면/기타|두부/경부,1,0,0,1,0,0,2,0,0
미끄러짐,6,123,20,71,체표면/기타,0,0,0,0,0,0,9,0,0
교통사고,1,95,6,75,체표면/기타,0,0,0,0,0,1,17,1,1
미끄러짐,5,120,19,8,체표면/기타|두부/경부|흉부|안면,1,1,0,0,0,0,3,1,1
기타,5,102,11,33,두부/경부|흉부,1,1,0,0,0,1,23,1,1
추락,1,105,32,46,흉부|복부/골반장기,0,1,1,0,0,1,37,1,1
추락,6,104,19,72,체표면/기타,0,0,0,0,0,0,8,1,1
교통사고,6,102,21,54,흉부,0,1,0,0,0,0,4,0,0
교통사고,5,130,20,49,체표면/기타,0,0,0,0,0,0,6,1,1
미끄러짐,6,106,18,79,사지/골반골격|안면,0,0,0,1,0,0,3,1,1
교통사고,6,102,10,81,사지/골반골격|체표면/기타|흉부,0,1,0,1,0,0,2,1,1
교통사고,5,97,14,48,체표면/기타|두부/경부|흉부,1,1,0,0,0,1,21,1,1
미끄러짐,6,110,10,29,사지/골반골격|체표면/기타|흉부,0,1,0,1,0,0,9,0,0
추락,4,83,30,58,사지/골반골격|두부/경부,1,0,0,1,0,1,17,1,1
교통사고,6,126,21,57,사지/골반골격|두부/경부,1,0,0,1,0,0,6,0,0
교통사고,5,118,18,44,사지/골반골격|체표면/기타|흉부,0,1,0,1,0,0,6,1,1
교통사고,5,132,13,33,사지/골반골격|체표면/기타,0,0,0,1,0,0,8,1,1
기타,6,130,11,75,흉부,0,1,0,0,0,0,7,0,0
미끄러짐,6,117,16,84,사지/골반골격,0,0,0,1,0,0,7,0,0
부딪힘,6,121,14,42,체표면/기타,0,0,0,0,0,0,4,0,0
교통사고,6,69,25,54,사지/골반골격|두부/경부|흉부,1,1,0,1,0,1,24,1,1
부딪힘,6,117,12,24,두부/경부,1,0,0,0,0,0,7,0,0
부딪힘,6,124,25,27,체표면/기타|흉부|복부/골반장기,0,1,1,0,0,0,6,0,1
추락,5,122,15,47,사지/골반골격|체표면/기타|안면,0,0,0,1,0,0,3,1,1
교통사고,4,96,12,17,두부/경부|흉부,1,1,0,0,0,1,20,1,1
미끄러짐,3,92,24,31,사지/골반골격|두부/경부|흉부|안면,1,1,0,1,0,1,16,1,1
교통사고,6,139,18,86,흉부,0,1,0,0,0,0,15,0,0
부딪힘,6,120,15,54,체표면/기타|흉부,0,1,0,0,0,0,3,0,0
기타,6,109,14,39,사지/골반골격|복부/골반장기,0,0,1,1,0,0,2,0,0
미끄러짐,4,100,30,76,두부/경부,1,0,0,0,0,1,18,1,1
교통사고,6,125,23,81,두부/경부,1,0,0,0,0,0,8,0,0
교통사고,6,62,13,42,체표면/기타,0,0,0,0,0,1,17,1,1
교통사고,6,141,19,29,체표면/기타,0,0,0,0,0,0,1,0,0
교통사고,5,86,15,48,사지/골반골격|두부/경부,1,0,0,1,0,0,2,1,1
기타,6,133,20,78,체표면/기타|두부/경부|복부/골반장기|안면,1,0,1,0,0,0,4,0,0
추락,5,98,22,12,체표면/기타,0,0,0,0,0,0,12,1,1
추락,5,63,18,46,사지/골반골격,0,0,0,1,0,1,27,1,1
교통사고,6,102,22,74,흉부|복부/골반장기,0,1,1,0,0,0,1,1,1
교통사고,6,139,18,62,체표면/기타,0,0,0,0,0,0,1,0,0
미끄러짐,6,153,23,31,복부/골반장기,0,0,1,0,0,0,7,0,0
교통사고,6,127,17,35,복부/골반장기,0,0,1,0,0,0,6,0,0
교통사고,4,79,20,19,두부/경부|흉부|복부/골반장기,1,1,1,0,0,1,18,1,1
추락,2,81,23,41,사지/골반골격|흉부,0,1,0,1,0,1,17,1,1
추락,4,86,17,26,두부/경부,1,0,0,0,0,1,16,1,1
부딪힘,6,100,15,41,두부/경부,1,0,0,0,0,0,1,0,0
추락,2,122,31,25,두부/경부|흉부,1,1,0,0,0,1,37,1,1
교통사고,5,94,20,66,사지/골반골격|두부/경부|흉부,1,1,0,1,0,1,25,1,1
교통사고,5,129,15,45,두부/경부|안면,1,0,0,0,0,0,7,1,1
기타,3,76,17,58,체표면/기타|두부/경부|흉부,1,1,0,0,0,1,18,1,1
미끄러짐,5,124,10,74,체표면/기타|두부/경부,1,0,0,0,0,0,1,1,1
교통사고,5,126,13,36,체표면/기타|흉부,0,1,0,0,0,0,10,1,1
미끄러짐,6,123,22,69,사지/골반골격,0,0,0,1,0,0,1,0,0
교통사고,6,127,19,53,체표면/기타|두부/경부|흉부,1,1,0,0,0,0,2,0,0
부딪힘,5,133,16,27,체표면/기타|흉부,0,1,0,0,0,0,10,1,1
추락,6,132,19,29,사지/골반골격,0,0,0,1,0,0,9,0,0
교통사고,3,110,20,44,사지/골반골격|두부/경부|흉부,1,1,0,1,0,1,33,1,1
미끄러짐,6,137,22,75,흉부|복부/골반장기,0,1,1,0,0,0,10,0,0
교통사고,6,149,19,10,체표면/기타|두부/경부,1,0,0,0,0,0,12,0,0
기타,6,130,15,66,체표면/기타,0,0,0,0,0,0,5,0,0
교통사고,2,106,21,30,체표면/기타|두부/경부,1,0,0,0,0,1,16,1,1
교통사고,5,157,10,33,복부/골반장기,0,0,1,0,0,0,8,1,1
추락,6,126,10,82,두부/경부|흉부|복부/골반장기,1,1,1,0,0,0,5,0,0
추락,5,109,18,6,사지/골반골격|흉부,0,1,0,1,0,0,7,1,1
교통사고,6,126,19,84,안면,0,0,0,0,0,0,5,0,0
미끄러짐,6,135,16,41,체표면/기타|흉부|복부/골반장기,0,1,1,0,0,0,3,0,1
기타,6,106,22,83,사지/골반골격|두부/경부,1,0,0,1,0,0,9,1,1
기타,4,75,15,26,사지/골반골격|복부/골반장기,0,0,1,1,0,1,16,1,1
교통사고,6,113,14,12,체표면/기타|두부/경부,1,0,0,0,0,0,5,0,0
교통사고,6,120,16,73,사지/골반골격|흉부,0,1,0,1,0,0,5,0,0
미끄러짐,6,111,14,50,두부/경부,1,0,0,0,0,0,4,0,0
교통사고,6,110,12,20,사지/골반골격|복부/골반장기|안면,0,0,1,1,0,0,6,0,0
미끄러짐,5,124,23,30,체표면/기타,0,0,0,0,0,0,3,1,1
교통사고,6,139,12,71,사지/골반골격|두부/경부|흉부,1,1,0,1,0,0,9,0,0
기타,6,154,15,61,사지/골반골격|체표면/기타|두부/경부,1,0,0,1,0,0,8,0,0
추락,5,127,13,69,사지/골반골격|두부/경부|흉부,1,1,0,1,0,0,13,1,1
교통사고,6,149,10,65,체표면/기타|흉부,0,1,0,0,0,0,13,0,0
교통사고,1,93,16,58,두부/경부|흉부|복부/골반장기,1,1,1,0,0,1,28,1,0
추락,3,91,23,43,두부/경부|흉부|복부/골반장기|안면,1,1,1,0,0,1,16,1,1
교통사고,6,116,17,60,체표면/기타,0,0,0,0,0,0,2,0,1
교통사고,4,113,28,25,사지/골반골격|체표면/기타|두부/경부,1,0,0,1,0,1,29,1,1
미끄러짐,5,126,13,59,사지/골반골격,0,0,0,1,0,0,3,1,1
미끄러짐,5,149,15,33,사지/골반골격,0,0,0,1,0,0,1,1,1
부딪힘,6,92,12,56,체표면/기타,0,0,0,0,0,0,3,0,0
미끄러짐,5,130,15,61,체표면/기타|두부/경부|복부/골반장기,1,0,1,0,0,0,1,1,1
미끄러짐,3,129,28,48,두부/경부|흉부,1,1,0,0,0,1,21,1,1
추락,6,97,19,30,사지/골반골격|두부/경부|흉부|복부/골반장기,1,1,1,1,0,0,13,0,0
교통사고,6,111,19,40,사지/골반골격|복부/골반장기,0,0,1,1,0,0,12,0,0
교통사고,5,91,16,54,체표면/기타|흉부,0,1,0,0,0,0,2,1,1
기타,4,78,11,28,사지/골반골격|체표면/기타|흉부|복부/골반장기,0,1,1,1,0,1,30,1,1
베임/찔림(관통상),6,111,17,68,사지/골반골격|체표면/기타|두부/경부|흉부,1,1,0,1,0,0,14,0,0
기타,5,127,26,71,체표면/기타|흉부,0,1,0,0,0,0,9,1,1
추락,4,50,23,48,두부/경부|복부/골반장기,1,0,1,0,0,1,25,1,1
교통사고,5,149,20,44,사지/골반골격|체표면/기타|두부/경부,1,0,0,1,0,0,1,1,1
부딪힘,6,141,10,86,두부/경부,1,0,0,0,0,0,7,0,0
추락,6,124,16,31,사지/골반골격|체표면/기타|흉부,0,1,0,1,0,0,1,0,0
미끄러짐,5,100,17,32,흉부|복부/골반장기|안면,0,1,1,0,0,0,5,1,1
미끄러짐,5,136,16,40,체표면/기타|두부/경부,1,0,0,0,0,0,3,1,1
미끄러짐,6,146,10,5,사지/골반골격|체표면/기타,0,0,0,1,0,0,8,0,0
교통사고,2,99,28,52,사지/골반골격|체표면/기타|두부/경부,1,0,0,1,0,1,17,1,1
부딪힘,6,127,16,34,체표면/기타,0,0,0,0,0,0,5,0,0
추락,4,50,28,29,사지/골반골격|체표면/기타,0,0,0,1,0,1,31,1,1
교통사고,6,89,12,65,사지/골반골격|흉부|안면,0,1,0,1,0,0,13,1,1
추락,6,133,24,78,체표면/기타|두부/경부,1,0,0,0,0,0,9,0,0
교통사고,6,133,17,30,체표면/기타,0,0,0,0,0,0,12,0,1
부딪힘,6,144,18,46,체표면/기타|두부/경부|흉부,1,1,0,0,0,0,5,0,0
추락,4,89,14,32,체표면/기타|두부/경부,1,0,0,0,0,1,23,1,0
교통사고,6,156,20,67,체표면/기타|두부/경부,1,0,0,0,0,0,1,0,0
부딪힘,6,136,13,68,사지/골반골격,0,0,0,1,0,0,9,0,0
추락,6,128,13,64,체표면/기타,0,0,0,0,0,0,1,0,0
교통사고,5,83,26,63,사지/골반골격|두부/경부|흉부|복부/골반장기,1,1,1,1,0,1,22,1,1
교통사고,6,111,18,75,사지/골반골격|복부/골반장기,0,0,1,1,0,0,2,0,0
부딪힘,6,109,14,79,사지/골반골격|복부/골반장기,0,0,1,1,0,1,19,1,1
교통사고,6,115,21,44,사지/골반골격,0,0,0,1,0,0,5,0,0
추락,5,109,28,46,사지/골반골격|흉부,0,1,0,1,0,1,33,1,1
교통사고,6,105,17,47,사지/골반골격|두부/경부|흉부,1,1,0,1,0,1,24,0,1
미끄러짐,6,84,21,63,사지/골반골격|두부/경부,1,0,0,1,0,1,16,1,1
교통사고,6,138,10,79,사지/골반골격|체표면/기타|두부/경부|안면,1,0,0,1,0,0,13,0,0
부딪힘,5,127,17,42,사지/골반골격|체표면/기타|복부/골반장기|안면,0,0,1,1,0,0,5,1,1
교통사고,2,86,19,69,복부/골반장기,0,0,1,0,0,1,16,1,1
기타,6,107,20,45,사지/골반골격|체표면/기타|흉부,0,1,0,1,0,0,1,0,0
교통사고,3,92,14,18,두부/경부|흉부|복부/골반장기,1,1,1,0,0,1,16,1,1
교통사고,3,96,18,30,사지/골반골격|두부/경부|안면,1,0,0,1,0,1,16,1,1
교통사고,5,150,17,72,사지/골반골격|체표면/기타|두부/경부,1,0,0,1,0,0,8,1,1
교통사고,4,99,26,75,사지/골반골격|두부/경부|흉부|복부/골반장기,1,1,1,1,0,1,21,1,1
교통사고,2,98,21,36,흉부,0,1,0,0,0,1,16,1,1
기타,6,143,18,25,체표면/기타|두부/경부,1,0,0,0,0,0,6,0,0
교통사고,3,109,32,81,사지/골반골격|흉부|복부/골반장기,0,1,1,1,0,1,16,1,1
추락,5,81,21,69,사지/골반골격|체표면/기타|두부/경부|흉부|안면,1,1,0,1,0,1,17,1,1
교통사고,6,99,17,43,체표면/기타|두부/경부|복부/골반장기,1,0,1,0,0,1,16,0,1
교통사고,6,139,17,38,사지/골반골격,0,0,0,1,0,0,10,0,0
미끄러짐,6,149,18,68,체표면/기타,0,0,0,0,0,0,1,0,0
부딪힘,5,152,13,32,체표면/기타|복부/골반장기,0,0,1,0,0,0,1,1,1
미끄러짐,6,106,10,86,사지/골반골격|체표면/기타|두부/경부|흉부|복부/골반장기|안면,1,1,1,1,0,0,8,1,1
교통사고,6,100,17,84,안면,0,0,0,0,0,0,7,1,1
교통사고,5,58,31,36,체표면/기타|복부/골반장기,0,0,1,0,0,1,25,1,1
추락,6,111,14,5,체표면/기타,0,0,0,0,0,0,11,0,0
미끄러짐,6,109,25,58,사지/골반골격,0,0,0,1,0,0,3,0,0
교통사고,6,151,10,46,사지/골반골격|두부/경부|흉부,1,1,0,1,0,0,12,0,0
교통사고,6,118,10,74,사지/골반골격|두부/경부|복부/골반장기,1,0,1,1,0,0,9,0,0
미끄러짐,4,96,21,21,사지/골반골격|체표면/기타|흉부|복부/골반장기,0,1,1,1,0,1,16,1,1
교통사고,6,118,14,40,두부/경부|흉부|복부/골반장기,1,1,1,0,0,0,11,0,0
추락,6,136,14,69,체표면/기타|두부/경부|복부/골반장기,1,0,1,0,0,0,14,0,0
추락,6,99,19,78,사지/골반골격|두부/경부|복부/골반장기,1,0,1,1,0,0,4,1,1
미끄러짐,4,96,23,79,체표면/기타|두부/경부|흉부,1,1,0,0,0,1,23,1,1
교통사고,3,117,19,43,체표면/기타|흉부|복부/골반장기,0,1,1,0,0,1,18,1,1
미끄러짐,6,117,17,67,사지/골반골격|두부/경부,1,0,0,1,0,0,8,0,0
미끄러짐,6,100,19,69,사지/골반골격|체표면/기타|두부/경부|흉부,1,1,0,1,0,0,2,1,1
기타,6,146,14,66,사지/골반골격|안면,0,0,0,1,0,0,5,0,0
미끄러짐,5,91,20,44,체표면/기타,0,0,0,0,0,0,1,1,0
추락,6,115,17,55,체표면/기타,0,0,0,0,0,0,7,0,0
기타,6,121,20,39,두부/경부,1,0,0,0,0,0,3,0,0
부딪힘,6,117,16,61,사지/골반골격|체표면/기타,0,0,0,1,0,0,5,0,0
베임/찔림(관통상),2,105,19,46,두부/경부|복부/골반장기,1,0,1,0,0,1,16,1,1
미끄러짐,6,113,15,79,체표면/기타,0,0,0,0,0,0,1,0,0
미끄러짐,6,93,17,33,사지/골반골격|체표면/기타|흉부|안면,0,1,0,1,0,0,2,0,0
기타,6,88,15,42,사지/골반골격,0,0,0,1,0,0,8,1,1
미끄러짐,5,121,24,47,두부/경부|복부/골반장기,1,0,1,0,0,0,12,1,1
미끄러짐,6,120,21,34,사지/골반골격|두부/경부|흉부,1,1,0,1,0,0,9,0,0
기타,6,125,13,60,사지/골반골격|체표면/기타|흉부,0,1,0,1,0,0,9,0,0
교통사고,6,130,24,45,체표면/기타|두부/경부,1,0,0,0,0,0,6,0,0
교통사고,4,50,28,80,사지/골반골격|두부/경부|흉부,1,1,0,1,0,1,16,1,1
교통사고,5,118,14,66,체표면/기타|두부/경부|흉부|복부/골반장기,1,1,1,0,0,0,1,1,1
교통사고,6,86,18,51,사지/골반골격|체표면/기타|두부/경부,1,0,0,1,0,1,22,1,1
추락,1,81,11,67,흉부,0,1,0,0,0,1,23,1,1
기타,6,116,24,33,사지/골반골격|두부/경부|흉부,1,1,0,1,0,1,22,0,1
미끄러짐,3,59,22,24,사지/골반골격|두부/경부,1,0,0,1,0,1,16,1,1
추락,6,127,18,82,사지/골반골격|두부/경부|복부/골반장기,1,0,1,1,0,0,6,0,0
미끄러짐,2,99,22,55,사지/골반골격|안면,0,0,0,1,0,1,20,1,1
교통사고,3,76,22,78,체표면/기타|흉부,0,1,0,0,0,1,16,1,1
교통사고,5,104,29,59,흉부|복부/골반장기,0,1,1,0,0,1,28,1,1
추락,4,76,23,49,체표면/기타|흉부,0,1,0,0,0,1,21,1,1
추락,5,101,15,74,복부/골반장기,0,0,1,0,0,0,4,1,1
교통사고,5,93,19,50,체표면/기타|두부/경부|복부/골반장기,1,0,1,0,0,0,8,1,1
교통사고,1,93,22,69,사지/골반골격|두부/경부|흉부|복부/골반장기,1,1,1,1,0,1,29,1,1
미끄러짐,6,133,20,76,체표면/기타|두부/경부,1,0,0,0,0,0,1,0,0
추락,6,135,17,9,사지/골반골격|두부/경부|흉부,1,1,0,1,0,0,6,0,0
교통사고,6,99,19,53,체표면/기타,0,0,0,0,0,0,6,0,0
교통사고,6,118,18,76,체표면/기타,0,0,0,0,0,0,13,0,0
교통사고,1,112,19,46,사지/골반골격|체표면/기타|두부/경부,1,0,0,1,0,1,16,1,1
미끄러짐,6,97,20,7,복부/골반장기,0,0,1,0,0,0,2,0,0
기타,6,136,17,71,사지/골반골격,0,0,0,1,0,0,2,0,0
기타,3,98,21,72,두부/경부|복부/골반장기,1,0,1,0,0,1,18,1,1
교통사고,6,100,13,13,사지/골반골격|흉부,0,1,0,1,0,0,9,0,0
베임/찔림(관통상),5,77,20,36,사지/골반골격,0,0,0,1,0,1,26,1,1
부딪힘,5,135,17,39,두부/경부|안면,1,0,0,0,0,0,9,1,1
미끄러짐,6,117,22,80,사지/골반골격|복부/골반장기|안면,0,0,1,1,0,0,8,0,1
베임/찔림(관통상),2,72,28,60,사지/골반골격|체표면/기타|두부/경부|흉부,1,1,0,1,0,1,26,1,0
미끄러짐,6,106,20,64,사지/골반골격,0,0,0,1,0,0,3,0,0
미끄러짐,5,95,22,59,체표면/기타,0,0,0,0,0,0,6,1,1
교통사고,5,117,19,89,체표면/기타|두부/경부|흉부,1,1,0,0,0,0,1,1,1
교통사고,4,91,24,30,두부/경부|흉부|복부/골반장기,1,1,1,0,0,1,24,1,1
추락,5,100,28,65,복부/골반장기,0,0,1,0,0,1,22,1,1
미끄러짐,5,99,12,10,체표면/기타|두부/경부|안면,1,0,0,0,0,0,2,1,1
교통사고,4,98,21,78,흉부,0,1,0,0,0,1,25,1,1
교통사고,6,135,26,82,사지/골반골격|두부/경부|흉부|복부/골반장기,1,1,1,1,0,0,5,0,0
추락,6,116,13,73,흉부,0,1,0,0,0,0,8,0,0
추락,1,98,13,78,두부/경부|흉부,1,1,0,0,0,1,22,1,1
미끄러짐,6,83,25,37,체표면/기타|두부/경부|흉부,1,1,0,0,0,1,21,1,1
교통사고,5,140,12,72,체표면/기타,0,0,0,0,0,0,8,1,1
미끄러짐,6,143,21,73,사지/골반골격|체표면/기타,0,0,0,1,0,0,4,0,0
교통사고,4,78,24,16,사지/골반골격|흉부|복부/골반장기,0,1,1,1,0,1,16,1,1
추락,3,80,13,76,사지/골반골격|두부/경부,1,0,0,1,0,1,34,1,1
베임/찔림(관통상),1,64,21,75,체표면/기타,0,0,0,0,0,1,23,1,1
교통사고,4,99,17,35,사지/골반골격|두부/경부|흉부|복부/골반장기,1,1,1,1,0,1,24,1,1
기타,6,147,14,48,안면,0,0,0,0,0,0,5,0,0
교통사고,2,105,20,45,사지/골반골격|두부/경부|흉부,1,1,0,1,0,1,26,1,1
교통사고,5,90,40,59,사지/골반골격|체표면/기타|두부/경부|흉부|복부/골반장기,1,1,1,1,0,1,16,1,1
교통사고,5,139,18,68,흉부,0,1,0,0,0,0,4,1,1
교통사고,6,118,13,26,사지/골반골격|두부/경부,1,0,0,1,0,0,9,0,0
교통사고,5,81,16,49,사지/골반골격|두부/경부,1,0,0,1,0,1,16,1,1
베임/찔림(관통상),6,101,22,83,두부/경부,1,0,0,0,0,0,6,1,1
교통사고,6,126,14,6,안면,0,0,0,0,0,0,5,0,0
교통사고,6,129,17,54,사지/골반골격|두부/경부,1,0,0,1,0,0,2,0,0
미끄러짐,5,126,22,67,안면,0,0,0,0,0,0,1,1,1
기타,6,116,20,29,체표면/기타,0,0,0,0,0,0,8,0,0
미끄러짐,6,129,10,67,복부/골반장기,0,0,1,0,0,0,8,0,0
미끄러짐,5,106,10,51,사지/골반골격|두부/경부|흉부,1,1,0,1,0,0,2,1,1
추락,6,108,16,42,체표면/기타|흉부,0,1,0,0,0,0,15,0,0
미끄러짐,6,113,17,39,사지/골반골격|두부/경부|흉부,1,1,0,1,0,0,5,0,0
교통사고,6,135,19,75,체표면/기타|두부/경부,1,0,0,0,0,0,1,0,0
교통사고,5,149,14,59,사지/골반골격|복부/골반장기,0,0,1,1,0,0,10,1,1
베임/찔림(관통상),3,100,22,54,사지/골반골격|체표면/기타|두부/경부|흉부,1,1,0,1,0,1,23,1,1
기타,5,114,10,49,체표면/기타,0,0,0,0,0,0,4,1,1
교통사고,4,105,35,68,흉부|복부/골반장기,0,1,1,0,0,1,16,1,1
추락,1,65,17,68,두부/경부,1,0,0,0,0,1,21,1,1
기타,5,102,17,90,사지/골반골격|체표면/기타,0,0,0,1,0,0,6,1,1
추락,4,82,16,50,사지/골반골격|체표면/기타|두부/경부|흉부|복부/골반장기,1,1,1,1,0,1,18,1,1
베임/찔림(관통상),6,129,18,49,두부/경부|흉부|복부/골반장기,1,1,1,0,0,0,5,0,0
교통사고,5,114,21,80,체표면/기타|두부/경부|흉부,1,1,0,0,0,0,5,1,1
추락,5,72,21,26,사지/골반골격|두부/경부|흉부|복부/골반장기,1,1,1,1,0,1,23,1,1
미끄러짐,5,70,18,36,두부/경부|흉부|안면,1,1,0,0,0,1,16,1,1
베임/찔림(관통상),5,84,24,54,두부/경부,1,0,0,0,0,1,16,1,0
교통사고,6,105,10,68,사지/골반골격|체표면/기타,0,0,0,1,0,0,7,1,1
부딪힘,5,123,12,79,체표면/기타|두부/경부|흉부,1,1,0,0,0,0,8,1,1
미끄러짐,5,114,10,36,안면,0,0,0,0,0,0,3,1,1
미끄러짐,6,125,20,62,흉부,0,1,0,0,0,0,6,0,0
추락,5,114,20,35,사지/골반골격|체표면/기타|두부/경부|흉부,1,1,0,1,0,0,6,1,1
추락,6,143,13,37,체표면/기타|두부/경부|흉부,1,1,0,0,0,0,2,0,0
미끄러짐,6,131,15,22,체표면/기타|흉부,0,1,0,0,0,0,2,0,0
추락,6,111,20,33,사지/골반골격,0,0,0,1,0,0,2,0,0
교통사고,5,93,23,40,사지/골반골격|체표면/기타|흉부,0,1,0,1,0,1,31,1,1
교통사고,1,60,20,67,두부/경부|흉부,1,1,0,0,0,1,16,1,1
미끄러짐,6,93,14,34,사지/골반골격|체표면/기타,0,0,0,1,0,0,3,0,0
교통사고,3,81,26,46,사지/골반골격|두부/경부,1,0,0,1,0,1,17,1,1
교통사고,6,142,13,75,체표면/기타|흉부,0,1,0,0,0,0,10,0,0
교통사고,4,84,13,50,사지/골반골격|두부/경부|복부/골반장기|안면,1,0,1,1,0,1,29,1,1
미끄러짐,3,85,33,49,사지/골반골격|체표면/기타|두부/경부|흉부|안면,1,1,0,1,0,1,20,1,1
기타,5,146,10,37,사지/골반골격|두부/경부|흉부,1,1,0,1,0,0,4,1,1
교통사고,4,96,20,60,사지/골반골격|체표면/기타|두부/경부|안면,1,0,0,1,0,1,16,1,1
교통사고,6,112,14,80,사지/골반골격|체표면/기타,0,0,0,1,0,0,8,0,0
교통사고,6,118,10,68,사지/골반골격|체표면/기타|두부/경부|안면,1,0,0,1,0,0,3,0,0
부딪힘,6,128,16,32,사지/골반골격|체표면/기타,0,0,0,1,0,0,1,0,1
교통사고,6,120,15,80,사지/골반골격|체표면/기타|흉부,0,1,0,1,0,0,3,0,0
추락,6,127,17,74,체표면/기타|두부/경부|복부/골반장기,1,0,1,0,0,0,13,0,0
미끄러짐,5,99,9,74,복부/골반장기,0,0,1,0,0,1,16,1,1
미끄러짐,6,129,11,57,사지/골반골격|복부/골반장기,0,0,1,1,0,0,5,0,0
기타,6,110,10,39,체표면/기타,0,0,0,0,0,0,1,0,1
교통사고,6,99,10,33,체표면/기타|두부/경부,1,0,0,0,0,0,6,0,0
교통사고,6,130,22,28,체표면/기타,0,0,0,0,0,0,3,0,0
미끄러짐,6,113,22,84,사지/골반골격|체표면/기타,0,0,0,1,0,0,3,0,0
미끄러짐,5,95,20,74,두부/경부|흉부|복부/골반장기,1,1,1,0,0,1,16,1,1
교통사고,4,75,23,45,흉부,0,1,0,0,0,1,25,1,1
추락,5,60,27,32,사지/골반골격|흉부|복부/골반장기,0,1,1,1,0,1,16,1,0
교통사고,6,118,16,4,체표면/기타,0,0,0,0,0,0,8,0,0
베임/찔림(관통상),6,114,21,43,체표면/기타|두부/경부|흉부,1,1,0,0,0,0,9,0,0
추락,6,86,30,56,체표면/기타|흉부,0,1,0,0,0,1,37,1,1
교통사고,5,132,20,34,사지/골반골격|체표면/기타,0,0,0,1,0,0,12,1,1
추락,3,108,21,62,사지/골반골격|두부/경부|흉부,1,1,0,1,0,1,20,1,1
미끄러짐,6,113,10,59,복부/골반장기,0,0,1,0,0,0,9,0,0
교통사고,6,115,14,32,사지/골반골격|흉부,0,1,0,1,0,0,3,0,0
추락,6,124,15,68,두부/경부|안면,1,0,0,0,0,0,9,0,0
교통사고,6,84,18,53,두부/경부|안면,1,0,0,0,0,0,5,1,1
베임/찔림(관통상),6,93,24,38,체표면/기타|두부/경부,1,0,0,0,0,1,27,0,1
추락,4,66,13,66,체표면/기타|두부/경부|복부/골반장기|안면,1,0,1,0,0,1,17,1,1
추락,6,131,10,76,두부/경부|흉부,1,1,0,0,0,0,3,0,0
교통사고,5,97,10,70,사지/골반골격|흉부|안면,0,1,0,1,0,0,12,1,1
미끄러짐,6,118,17,37,체표면/기타|안면,0,0,0,0,0,0,3,0,0
교통사고,5,98,10,45,사지/골반골격|체표면/기타,0,0,0,1,0,0,8,1,1
미끄러짐,6,91,18,43,사지/골반골격|흉부,0,1,0,1,0,0,4,0,0
교통사고,6,154,16,57,두부/경부,1,0,0,0,0,0,5,0,0
추락,4,73,17,44,사지/골반골격|두부/경부|복부/골반장기|안면,1,0,1,1,0,1,22,1,1
교통사고,6,122,10,45,사지/골반골격|흉부|복부/골반장기,0,1,1,1,0,0,6,0,0
미끄러짐,6,102,18,26,사지/골반골격|체표면/기타,0,0,0,1,0,0,6,0,0
교통사고,6,104,13,9,사지/골반골격|체표면/기타,0,0,0,1,0,0,9,0,0
교통사고,3,91,18,71,사지/골반골격|체표면/기타|두부/경부|흉부,1,1,0,1,0,1,18,1,1
추락,3,113,27,75,두부/경부|흉부,1,1,0,0,0,1,16,1,1
미끄러짐,6,115,10,81,사지/골반골격,0,0,0,1,0,0,8,0,1
베임/찔림(관통상),4,81,6,73,사지/골반골격|두부/경부|복부/골반장기,1,0,1,1,0,1,16,1,1
미끄러짐,6,130,22,44,사지/골반골격,0,0,0,1,0,0,3,0,0
부딪힘,6,129,19,33,사지/골반골격,0,0,0,1,0,0,9,0,0
미끄러짐,5,118,17,63,두부/경부,1,0,0,0,0,0,3,1,1
추락,6,136,18,43,복부/골반장기,0,0,1,0,0,0,5,0,0
부딪힘,6,127,20,74,사지/골반골격|두부/경부|안면,1,0,0,1,0,0,3,0,0
교통사고,6,99,28,57,사지/골반골격|체표면/기타|두부/경부,1,0,0,1,0,1,33,0,1
교통사고,6,101,16,48,두부/경부|흉부,1,1,0,0,0,1,23,0,1
교통사고,3,103,10,70,흉부|복부/골반장기,0,1,1,0,0,1,18,1,1
추락,6,119,26,38,두부/경부|흉부|안면,1,1,0,0,0,0,11,0,1
미끄러짐,5,114,17,67,사지/골반골격|두부/경부|흉부|복부/골반장기,1,1,1,1,0,0,1,1,1
추락,6,158,17,71,체표면/기타|두부/경부,1,0,0,0,0,0,6,0,0
추락,6,140,23,77,사지/골반골격|체표면/기타,0,0,0,1,0,0,8,0,0
추락,6,102,19,63,체표면/기타,0,0,0,0,0,0,3,0,0
추락,4,93,14,33,사지/골반골격|두부/경부,1,0,0,1,0,1,35,1,1
기타,2,92,21,67,두부/경부|흉부|안면,1,1,0,0,0,1,18,1,1
베임/찔림(관통상),4,92,25,32,두부/경부|복부/골반장기,1,0,1,0,0,1,18,1,1
추락,5,79,25,71,사지/골반골격|두부/경부|흉부,1,1,0,1,0,1,16,1,1
교통사고,4,78,15,52,사지/골반골격|체표면/기타|두부/경부,1,0,0,1,0,1,22,1,1
교통사고,6,119,17,37,사지/골반골격|체표면/기타|복부/골반장기,0,0,1,1,0,0,1,0,0
교통사고,3,96,13,37,사지/골반골격|흉부,0,1,0,1,0,1,25,1,1
추락,1,53,19,24,체표면/기타|두부/경부|흉부,1,1,0,0,0,1,28,1,1
미끄러짐,6,108,21,47,사지/골반골격|체표면/기타|두부/경부,1,0,0,1,0,0,4,0,0
미끄러짐,5,115,14,27,사지/골반골격|두부/경부,1,0,0,1,0,0,3,1,1
추락,1,90,34,60,사지/골반골격|두부/경부|흉부|복부/골반장기,1,1,1,1,0,1,18,1,1
미끄러짐,6,80,16,66,두부/경부|흉부|안면,1,1,0,0,0,0,3,1,1
교통사고,6,80,21,11,사지/골반골격|체표면/기타|흉부|복부/골반장기,0,1,1,1,0,0,6,1,1
추락,6,79,18,77,두부/경부|흉부|복부/골반장기,1,1,1,0,0,1,27,1,1
미끄러짐,6,97,15,27,흉부|안면,0,1,0,0,0,0,9,0,0
교통사고,6,128,15,51,사지/골반골격|두부/경부|흉부|복부/골반장기,1,1,1,1,0,0,15,0,0
기타,6,123,20,80,사지/골반골격|체표면/기타|흉부,0,1,0,1,0,0,2,0,0
미끄러짐,5,139,13,27,사지/골반골격|체표면/기타|복부/골반장기,0,0,1,1,0,0,6,1,1
교통사고,6,139,20,12,사지/골반골격|두부/경부,1,0,0,1,0,0,1,0,0
미끄러짐,6,129,18,35,체표면/기타,0,0,0,0,0,0,1,0,0
교통사고,5,134,15,36,사지/골반골격|두부/경부|복부/골반장기|안면,1,0,1,1,0,0,1,1,1
기타,6,92,12,78,체표면/기타|흉부|안면,0,1,0,0,0,0,11,1,1
교통사고,6,86,11,80,사지/골반골격,0,0,0,1,0,0,2,1,1
교통사고,5,95,22,72,두부/경부|복부/골반장기,1,0,1,0,0,1,24,1,1
추락,6,112,16,65,체표면/기타,0,0,0,0,0,0,12,0,0
미끄러짐,6,109,14,53,사지/골반골격|두부/경부|흉부|복부/골반장기,1,1,1,1,0,0,6,0,0
교통사고,6,120,18,72,두부/경부|흉부,1,1,0,0,0,0,1,0,0
기타,3,83,25,58,사지/골반골격|흉부,0,1,0,1,0,1,16,1,1
추락,5,110,10,35,체표면/기타|두부/경부,1,0,0,0,0,0,8,1,1
추락,3,80,18,58,두부/경부|흉부,1,1,0,0,0,1,20,1,1
교통사고,5,115,11,84,사지/골반골격|체표면/기타|두부/경부|흉부|복부/골반장기,1,1,1,1,0,0,8,1,1
교통사고,6,173,18,55,체표면/기타|두부/경부,1,0,0,0,0,0,2,0,0
교통사고,6,117,11,68,복부/골반장기,0,0,1,0,0,0,3,0,0
교통사고,3,68,25,55,사지/골반골격|두부/경부|복부/골반장기,1,0,1,1,0,1,21,1,1
교통사고,5,99,22,66,사지/골반골격|체표면/기타,0,0,0,1,0,0,5,1,1
미끄러짐,3,104,11,71,사지/골반골격|복부/골반장기,0,0,1,1,0,1,22,1,1
부딪힘,6,109,20,70,사지/골반골격|체표면/기타|안면,0,0,0,1,0,0,5,1,1
미끄러짐,6,133,18,47,사지/골반골격|체표면/기타|두부/경부|복부/골반장기,1,0,1,1,0,0,3,0,0
미끄러짐,6,116,22,78,체표면/기타,0,0,0,0,0,0,2,0,0
기타,6,121,14,75,사지/골반골격|체표면/기타|두부/경부|복부/골반장기,1,0,1,1,0,0,5,0,0
교통사고,4,116,22,48,사지/골반골격|체표면/기타|두부/경부|흉부,1,1,0,1,0,1,29,1,1
교통사고,4,97,6,53,사지/골반골격|흉부|안면,0,1,0,1,0,1,30,1,1
교통사고,6,134,20,81,체표면/기타,0,0,0,0,0,0,8,0,0
교통사고,4,71,9,69,사지/골반골격|체표면/기타|흉부,0,1,0,1,0,1,18,1,1
교통사고,1,80,17,38,체표면/기타|복부/골반장기,0,0,1,0,0,1,16,1,0
추락,3,98,15,49,두부/경부,1,0,0,0,0,1,18,1,1
미끄러짐,5,99,23,75,체표면/기타,0,0,0,0,0,0,2,1,1
교통사고,3,79,11,47,사지/골반골격|두부/경부|복부/골반장기,1,0,1,1,0,1,19,1,1
기타,6,122,13,48,사지/골반골격|흉부,0,1,0,1,0,0,8,0,0
교통사고,4,67,16,77,사지/골반골격|흉부|복부/골반장기,0,1,1,1,0,1,16,1,1
추락,3,109,21,26,사지/골반골격|두부/경부|흉부,1,1,0,1,0,1,16,1,1
베임/찔림(관통상),4,91,30,55,체표면/기타,0,0,0,0,0,1,21,1,1
미끄러짐,5,103,24,35,흉부,0,1,0,0,0,0,4,1,1
미끄러짐,6,119,20,21,사지/골반골격|체표면/기타|흉부,0,1,0,1,0,0,5,0,0
교통사고,5,83,24,55,두부/경부|복부/골반장기,1,0,1,0,0,1,16,1,1
추락,6,127,10,85,체표면/기타,0,0,0,0,0,0,7,0,0
베임/찔림(관통상),6,109,22,9,사지/골반골격|두부/경부,1,0,0,1,0,1,17,0,0
미끄러짐,6,131,23,85,사지/골반골격|체표면/기타|두부/경부,1,0,0,1,0,0,6,0,0
추락,3,64,11,57,체표면/기타|두부/경부,1,0,0,0,0,1,18,1,0
미끄러짐,5,131,19,69,사지/골반골격|두부/경부|흉부|안면,1,1,0,1,0,0,10,1,1
미끄러짐,3,66,11,52,사지/골반골격|체표면/기타|두부/경부|복부/골반장기|안면,1,0,1,1,0,1,17,1,1
추락,6,166,12,32,흉부,0,1,0,0,0,0,4,0,0
추락,6,92,10,73,사지/골반골격,0,0,0,1,0,1,39,1,1
교통사고,4,103,23,41,사지/골반골격|체표면/기타|두부/경부|흉부,1,1,0,1,0,1,16,1,1
미끄러짐,6,130,15,49,사지/골반골격|두부/경부,1,0,0,1,0,0,1,0,0
부딪힘,5,104,13,30,사지/골반골격|두부/경부,1,0,0,1,0,0,5,1,1
교통사고,6,98,15,50,사지/골반골격|흉부|복부/골반장기,0,1,1,1,0,0,11,0,0
미끄러짐,4,88,17,53,흉부|안면,0,1,0,0,0,1,16,1,1
교통사고,5,105,26,63,두부/경부|복부/골반장기|안면,1,0,1,0,0,1,16,1,1
교통사고,6,93,13,61,두부/경부,1,0,0,0,0,0,2,0,1
미끄러짐,5,115,17,74,사지/골반골격|체표면/기타|복부/골반장기,0,0,1,1,0,0,6,1,1
교통사고,4,75,30,74,체표면/기타|흉부,0,1,0,0,0,1,20,1,1
기타,3,75,24,24,사지/골반골격,0,0,0,1,0,1,16,1,1
교통사고,2,87,26,18,체표면/기타,0,0,0,0,0,1,17,1,1
추락,6,122,18,46,사지/골반골격,0,0,0,1,0,0,9,0,0
교통사고,6,127,12,46,체표면/기타|두부/경부|흉부,1,1,0,0,0,0,5,0,0
교통사고,6,105,21,71,사지/골반골격,0,0,0,1,0,0,1,1,1
부딪힘,3,101,27,76,체표면/기타|두부/경부|흉부|복부/골반장기,1,1,1,0,0,1,16,1,1
추락,5,124,10,50,사지/골반골격|두부/경부,1,0,0,1,0,0,5,1,1
추락,6,122,19,72,체표면/기타|두부/경부,1,0,0,0,0,0,6,0,0
교통사고,6,137,24,29,사지/골반골격,0,0,0,1,0,0,7,0,0
교통사고,6,103,10,40,사지/골반골격|두부/경부,1,0,0,1,0,1,16,0,1
미끄러짐,5,115,18,51,사지/골반골격|체표면/기타|흉부|안면,0,1,0,1,0,0,10,1,1
미끄러짐,6,123,16,39,두부/경부|흉부|복부/골반장기,1,1,1,0,0,0,9,0,0
추락,3,95,18,42,두부/경부|흉부,1,1,0,0,0,1,16,1,1
추락,6,102,21,31,사지/골반골격|체표면/기타|흉부,0,1,0,1,0,0,5,0,0
미끄러짐,6,122,21,60,사지/골반골격|두부/경부|흉부|복부/골반장기,1,1,1,1,0,0,8,0,0
추락,6,153,15,59,체표면/기타,0,0,0,0,0,0,15,0,0
미끄러짐,6,95,17,63,흉부,0,1,0,0,0,0,10,0,0
교통사고,6,123,12,19,흉부,0,1,0,0,0,0,13,0,0
기타,6,152,22,50,흉부,0,1,0,0,0,0,2,0,0
부딪힘,2,81,26,33,사지/골반골격|두부/경부|흉부,1,1,0,1,0,1,16,1,1
추락,6,120,34,26,체표면/기타|두부/경부,1,0,0,0,0,1,28,1,1
기타,3,86,27,74,사지/골반골격|체표면/기타|두부/경부|흉부|복부/골반장기,1,1,1,1,0,1,16,1,1
미끄러짐,6,109,23,37,사지/골반골격|체표면/기타,0,0,0,1,0,0,9,0,0
추락,6,137,14,9,사지/골반골격|체표면/기타|흉부,0,1,0,1,0,0,7,0,0
교통사고,6,140,22,73,사지/골반골격|체표면/기타|두부/경부|흉부,1,1,0,1,0,0,3,0,0
추락,3,80,22,50,체표면/기타,0,0,0,0,0,1,21,1,1
교통사고,6,164,22,72,복부/골반장기,0,0,1,0,0,0,6,0,0
교통사고,3,111,16,30,두부/경부|복부/골반장기,1,0,1,0,0,1,16,1,1
미끄러짐,6,108,19,49,체표면/기타|복부/골반장기,0,0,1,0,0,0,5,0,0
교통사고,6,143,17,78,두부/경부,1,0,0,0,0,0,10,0,0
추락,5,129,20,38,사지/골반골격|체표면/기타,0,0,0,1,0,0,9,1,1
추락,1,102,15,37,사지/골반골격|두부/경부|흉부,1,1,0,1,0,1,32,1,1
교통사고,6,136,13,30,사지/골반골격|두부/경부,1,0,0,1,0,0,9,0,0
교통사고,5,99,17,70,사지/골반골격|체표면/기타|흉부,0,1,0,1,0,0,1,1,1
미끄러짐,6,135,15,47,사지/골반골격|두부/경부|흉부,1,1,0,1,0,0,5,0,0
교통사고,5,117,15,34,두부/경부|흉부,1,1,0,0,0,0,8,1,1
교통사고,6,139,15,83,사지/골반골격,0,0,0,1,0,0,6,0,0
미끄러짐,6,134,18,34,사지/골반골격|체표면/기타,0,0,0,1,0,0,1,0,1
교통사고,3,77,22,48,두부/경부|복부/골반장기,1,0,1,0,0,1,17,1,1
미끄러짐,6,106,16,68,두부/경부,1,0,0,0,0,0,1,1,1
추락,6,139,10,70,사지/골반골격|두부/경부|안면,1,0,0,1,0,0,6,0,0
미끄러짐,6,158,13,74,사지/골반골격|체표면/기타|두부/경부|안면,1,0,0,1,0,0,5,0,0
교통사고,6,136,22,87,두부/경부,1,0,0,0,0,0,5,0,0
추락,6,115,21,22,두부/경부|흉부,1,1,0,0,0,0,8,0,0
교통사고,6,115,12,42,사지/골반골격|흉부,0,1,0,1,0,0,2,0,0
교통사고,1,77,25,57,두부/경부,1,0,0,0,0,1,31,1,1
교통사고,6,129,17,72,사지/골반골격|체표면/기타,0,0,0,1,0,0,9,0,0
교통사고,2,76,23,67,체표면/기타|두부/경부|흉부,1,1,0,0,0,1,16,1,1
교통사고,5,90,30,33,사지/골반골격|체표면/기타|두부/경부|흉부,1,1,0,1,0,1,16,1,1
추락,6,106,13,5,체표면/기타|두부/경부,1,0,0,0,0,0,4,0,0
미끄러짐,6,89,17,32,체표면/기타|두부/경부,1,0,0,0,0,0,9,1,1
교통사고,5,66,31,14,복부/골반장기,0,0,1,0,0,1,16,1,1
교통사고,3,87,14,75,사지/골반골격|체표면/기타|두부/경부|흉부|복부/골반장기,1,1,1,1,0,1,19,1,1
추락,6,116,15,49,사지/골반골격|체표면/기타,0,0,0,1,0,0,15,0,0
추락,1,62,15,80,두부/경부|복부/골반장기,1,0,1,0,0,1,31,1,1
추락,6,73,23,64,사지/골반골격|복부/골반장기,0,0,1,1,0,1,16,1,1
기타,2,109,30,37,두부/경부,1,0,0,0,0,1,16,1,1
기타,5,124,15,42,체표면/기타|두부/경부,1,0,0,0,0,0,5,1,1
미끄러짐,5,132,19,87,복부/골반장기,0,0,1,0,0,0,3,1,1
추락,6,151,11,64,두부/경부,1,0,0,0,0,0,11,0,0
추락,5,118,20,67,두부/경부|복부/골반장기,1,0,1,0,0,0,11,1,1
미끄러짐,6,123,17,69,체표면/기타|흉부|복부/골반장기,0,1,1,0,0,0,11,0,0
기타,6,116,14,31,사지/골반골격|체표면/기타|흉부|복부/골반장기,0,1,1,1,0,0,1,0,0
미끄러짐,6,139,17,71,체표면/기타|두부/경부|복부/골반장기,1,0,1,0,0,0,1,0,0
추락,5,108,15,37,흉부|복부/골반장기|안면,0,1,1,0,0,1,30,1,1
베임/찔림(관통상),6,127,20,37,사지/골반골격|체표면/기타|흉부,0,1,0,1,0,1,16,0,1
미끄러짐,6,116,20,76,체표면/기타|두부/경부,1,0,0,0,0,0,3,0,0
교통사고,6,80,11,33,사지/골반골격,0,0,0,1,0,0,9,1,1
미끄러짐,6,115,18,35,사지/골반골격|흉부,0,1,0,1,0,0,13,0,0
부딪힘,6,145,19,72,체표면/기타|두부/경부|흉부,1,1,0,0,0,0,1,0,0
미끄러짐,6,113,13,70,사지/골반골격|두부/경부,1,0,0,1,0,0,1,0,0
추락,5,84,15,36,사지/골반골격|두부/경부|복부/골반장기,1,0,1,1,0,0,8,1,1
추락,6,145,19,19,체표면/기타|두부/경부,1,0,0,0,0,0,2,0,0
교통사고,6,120,10,73,두부/경부|흉부|복부/골반장기,1,1,1,0,0,0,10,0,0
교통사고,6,136,19,57,체표면/기타|두부/경부|복부/골반장기,1,0,1,0,0,0,11,0,0
미끄러짐,6,121,14,85,사지/골반골격|체표면/기타|두부/경부,1,0,0,1,0,0,3,0,0
추락,6,112,17,42,체표면/기타|두부/경부,1,0,0,0,0,0,5,0,0
교통사고,5,121,17,31,체표면/기타|두부/경부|안면,1,0,0,0,0,0,3,1,1
미끄러짐,6,138,19,24,사지/골반골격|체표면/기타|두부/경부,1,0,0,1,0,0,9,0,1
미끄러짐,6,97,17,84,사지/골반골격|두부/경부|흉부|복부/골반장기,1,1,1,1,0,0,9,1,1
교통사고,4,105,26,39,사지/골반골격|두부/경부|흉부,1,1,0,1,0,1,36,1,1
교통사고,5,68,20,67,사지/골반골격|두부/경부,1,0,0,1,0,1,35,1,1
추락,2,102,22,21,사지/골반골격|두부/경부|흉부,1,1,0,1,0,1,30,1,0
추락,6,115,17,75,사지/골반골격|두부/경부,1,0,0,1,0,0,4,0,0
교통사고,5,134,17,19,체표면/기타,0,0,0,0,0,0,10,1,1
교통사고,6,95,18,70,사지/골반골격|두부/경부|흉부,1,1,0,1,0,0,6,1,0
추락,6,142,16,34,사지/골반골격|체표면/기타|안면,0,0,0,1,0,0,12,0,0
미끄러짐,6,141,10,65,체표면/기타|두부/경부|복부/골반장기,1,0,1,0,0,0,3,0,0
미끄러짐,4,66,19,73,두부/경부|복부/골반장기,1,0,1,0,0,1,21,1,1
교통사고,6,118,10,73,사지/골반골격|두부/경부|복부/골반장기,1,0,1,1,0,0,7,0,0
미끄러짐,6,121,13,75,사지/골반골격|두부/경부,1,0,0,1,0,0,8,0,0
미끄러짐,4,93,26,41,흉부,0,1,0,0,0,1,18,1,1
추락,6,73,28,36,두부/경부,1,0,0,0,0,1,24,1,1
미끄러짐,6,123,19,54,두부/경부|흉부,1,1,0,0,0,0,9,0,0
베임/찔림(관통상),1,125,22,85,두부/경부|흉부|복부/골반장기,1,1,1,0,0,1,30,1,1
교통사고,2,113,25,50,사지/골반골격|복부/골반장기,0,0,1,1,0,1,33,1,1
교통사고,6,139,15,80,사지/골반골격|두부/경부|흉부,1,1,0,1,0,0,1,0,0
미끄러짐,6,122,21,79,체표면/기타,0,0,0,0,0,0,1,0,0
추락,6,146,16,41,복부/골반장기,0,0,1,0,0,0,7,0,0
미끄러짐,6,137,15,75,사지/골반골격|체표면/기타|두부/경부,1,0,0,1,0,0,12,0,0
추락,3,107,23,28,두부/경부|흉부|복부/골반장기|안면,1,1,1,0,0,1,16,1,1
교통사고,6,82,12,54,체표면/기타,0,0,0,0,0,0,1,1,1
추락,6,128,10,63,체표면/기타|흉부,0,1,0,0,0,0,15,0,0
교통사고,5,107,13,77,체표면/기타,0,0,0,0,0,0,1,1,1
교통사고,4,64,31,48,사지/골반골격|두부/경부|복부/골반장기,1,0,1,1,0,1,16,1,1
교통사고,4,96,22,78,체표면/기타|두부/경부,1,0,0,0,0,1,26,1,1
교통사고,6,121,22,74,사지/골반골격|흉부,0,1,0,1,0,0,7,0,0
교통사고,6,154,16,30,사지/골반골격|복부/골반장기,0,0,1,1,0,0,8,0,0
추락,5,126,12,21,두부/경부|흉부,1,1,0,0,0,0,14,1,1
베임/찔림(관통상),6,130,17,23,체표면/기타|두부/경부,1,0,0,0,0,0,13,0,0
추락,4,91,24,75,두부/경부,1,0,0,0,0,1,30,1,1
미끄러짐,5,98,14,76,사지/골반골격|체표면/기타|두부/경부|흉부,1,1,0,1,0,0,11,1,1
교통사고,3,87,19,63,체표면/기타|흉부|안면,0,1,0,0,0,1,24,1,1
교통사고,6,118,16,24,체표면/기타,0,0,0,0,0,0,14,0,0
미끄러짐,5,110,20,27,체표면/기타,0,0,0,0,0,0,2,1,1
추락,4,98,14,70,체표면/기타|두부/경부|흉부,1,1,0,0,0,1,25,1,1
미끄러짐,6,121,21,88,사지/골반골격|두부/경부,1,0,0,1,0,0,4,0,1
미끄러짐,6,110,10,55,복부/골반장기,0,0,1,0,0,0,7,0,1
교통사고,6,132,20,74,체표면/기타|두부/경부|흉부,1,1,0,0,0,0,4,0,0
교통사고,6,118,10,66,사지/골반골격|체표면/기타|흉부,0,1,0,1,0,0,6,0,0
교통사고,4,112,19,76,복부/골반장기,0,0,1,0,0,1,23,1,1
교통사고,6,108,17,57,사지/골반골격|체표면/기타|두부/경부,1,0,0,1,0,0,8,0,0
추락,6,108,17,71,흉부,0,1,0,0,0,1,21,1,1
부딪힘,5,130,18,82,사지/골반골격|체표면/기타|흉부|안면,0,1,0,1,0,0,11,1,1
미끄러짐,6,110,18,38,사지/골반골격|두부/경부|안면,1,0,0,1,0,0,5,0,0
추락,6,124,15,81,사지/골반골격|체표면/기타|두부/경부|흉부,1,1,0,1,0,0,6,0,0
추락,6,153,21,38,사지/골반골격|두부/경부|안면,1,0,0,1,0,0,2,0,0
미끄러짐,6,104,13,78,사지/골반골격,0,0,0,1,0,0,7,1,1
미끄러짐,6,142,12,65,사지/골반골격|두부/경부|복부/골반장기,1,0,1,1,0,0,9,0,0
교통사고,6,140,21,44,두부/경부|복부/골반장기|안면,1,0,1,0,0,0,5,0,0
추락,3,85,29,52,두부/경부|흉부,1,1,0,0,0,1,27,1,1
교통사고,4,110,21,82,사지/골반골격|흉부,0,1,0,1,0,1,29,1,1
추락,5,93,23,58,체표면/기타,0,0,0,0,0,1,29,1,1
기타,6,101,16,65,사지/골반골격|체표면/기타|두부/경부,1,0,0,1,0,0,1,1,1
추락,6,99,16,83,사지/골반골격|두부/경부|흉부|복부/골반장기,1,1,1,1,0,1,37,1,1
부딪힘,6,91,19,68,사지/골반골격|흉부|복부/골반장기|안면,0,1,1,1,0,0,9,1,1
미끄러짐,6,117,16,39,사지/골반골격|체표면/기타|두부/경부,1,0,0,1,0,0,6,0,0
추락,6,118,25,69,체표면/기타|두부/경부,1,0,0,0,0,0,11,0,0
추락,6,115,22,31,두부/경부,1,0,0,0,0,0,10,0,1
미끄러짐,6,125,13,50,체표면/기타,0,0,0,0,0,0,9,0,0
추락,4,67,19,67,복부/골반장기,0,0,1,0,0,1,32,1,0
추락,6,81,22,38,사지/골반골격|두부/경부|복부/골반장기,1,0,1,1,0,1,30,1,1
교통사고,3,99,17,42,체표면/기타,0,0,0,0,0,1,23,1,1
미끄러짐,5,124,18,75,흉부,0,1,0,0,0,0,5,1,1
추락,2,65,26,35,두부/경부|흉부,1,1,0,0,0,1,26,1,1
베임/찔림(관통상),6,116,15,74,사지/골반골격|체표면/기타|안면,0,0,0,1,0,0,3,0,0
추락,6,89,22,72,사지/골반골격|두부/경부,1,0,0,1,0,0,1,1,1
교통사고,4,89,25,33,사지/골반골격|흉부,0,1,0,1,0,1,19,1,1
교통사고,6,117,13,29,체표면/기타,0,0,0,0,0,0,6,0,0
교통사고,2,72,19,32,흉부|복부/골반장기,0,1,1,0,0,1,21,1,0
베임/찔림(관통상),4,95,26,63,두부/경부|흉부,1,1,0,0,0,1,22,1,1
교통사고,5,97,15,44,체표면/기타,0,0,0,0,0,0,7,1,1
교통사고,5,155,14,17,체표면/기타|흉부,0,1,0,0,0,0,12,1,1
미끄러짐,6,117,12,37,체표면/기타|복부/골반장기,0,0,1,0,0,0,5,0,0
미끄러짐,5,60,22,44,흉부|복부/골반장기,0,1,1,0,0,1,19,1,1
기타,6,110,16,79,사지/골반골격|체표면/기타|두부/경부,1,0,0,1,0,0,8,0,0
교통사고,5,123,18,66,체표면/기타,0,0,0,0,0,0,6,1,1
미끄러짐,6,117,18,25,사지/골반골격|체표면/기타|흉부|복부/골반장기,0,1,1,1,0,0,8,0,0
기타,6,150,22,43,사지/골반골격|두부/경부|복부/골반장기,1,0,1,1,0,0,6,0,0
미끄러짐,6,180,17,45,체표면/기타,0,0,0,0,0,0,1,0,0
교통사고,5,101,17,41,사지/골반골격|체표면/기타|안면,0,0,0,1,0,0,8,1,1
교통사고,6,134,13,78,체표면/기타,0,0,0,0,0,0,2,0,0
교통사고,5,57,26,41,사지/골반골격|두부/경부|흉부|복부/골반장기,1,1,1,1,0,1,16,1,1
기타,6,135,21,75,사지/골반골격|체표면/기타|두부/경부|흉부,1,1,0,1,0,0,7,0,0
추락,6,115,18,4,사지/골반골격|흉부,0,1,0,1,0,0,4,0,0
기타,6,83,16,74,흉부,0,1,0,0,0,1,21,1,1
미끄러짐,6,132,17,52,안면,0,0,0,0,0,0,7,0,0
미끄러짐,6,145,15,41,사지/골반골격|두부/경부|복부/골반장기,1,0,1,1,0,0,6,0,0
교통사고,6,139,19,47,복부/골반장기,0,0,1,0,0,0,6,0,0
미끄러짐,6,134,15,66,사지/골반골격,0,0,0,1,0,0,4,0,0
추락,2,86,19,68,체표면/기타|흉부|복부/골반장기,0,1,1,0,0,1,22,1,1
미끄러짐,5,83,16,50,사지/골반골격|체표면/기타,0,0,0,1,0,0,3,1,1
부딪힘,6,113,15,38,체표면/기타|흉부|복부/골반장기,0,1,1,0,0,0,7,0,0
기타,6,135,15,82,체표면/기타|안면,0,0,0,0,0,0,5,0,0
교통사고,6,104,12,34,사지/골반골격|두부/경부|안면,1,0,0,1,0,1,24,0,1
교통사고,6,148,18,68,사지/골반골격|흉부|복부/골반장기,0,1,1,1,0,0,5,0,0
교통사고,4,111,11,76,사지/골반골격|체표면/기타|두부/경부|흉부,1,1,0,1,0,1,16,1,1
교통사고,6,153,24,49,사지/골반골격|체표면/기타|흉부,0,1,0,1,0,0,4,0,0
추락,6,103,21,18,두부/경부|흉부|복부/골반장기,1,1,1,0,0,0,4,0,0
미끄러짐,6,113,11,47,흉부,0,1,0,0,0,0,3,0,0
추락,1,74,17,68,두부/경부|흉부,1,1,0,0,0,1,25,1,1
추락,6,92,24,81,사지/골반골격|두부/경부|복부/골반장기,1,0,1,1,0,0,6,1,1
기타,5,113,15,77,사지/골반골격|두부/경부,1,0,0,1,0,0,5,1,1
부딪힘,6,120,14,74,체표면/기타|복부/골반장기,0,0,1,0,0,0,7,0,1
추락,6,132,15,76,사지/골반골격|두부/경부,1,0,0,1,0,0,8,0,1
부딪힘,6,122,16,73,사지/골반골격,0,0,0,1,0,0,10,0,0
부딪힘,5,111,18,48,사지/골반골격|두부/경부|흉부,1,1,0,1,0,0,6,1,1
교통사고,6,152,14,73,사지/골반골격|체표면/기타|복부/골반장기,0,0,1,1,0,0,1,0,0
기타,6,133,15,71,체표면/기타|흉부|복부/골반장기,0,1,1,0,0,0,10,0,0
추락,5,115,12,36,사지/골반골격|두부/경부|흉부,1,1,0,1,0,0,7,1,1
부딪힘,6,153,18,80,체표면/기타,0,0,0,0,0,0,10,0,0
교통사고,4,106,21,53,사지/골반골격|두부/경부|복부/골반장기,1,0,1,1,0,1,24,1,1
기타,6,104,17,21,사지/골반골격|흉부|복부/골반장기,0,1,1,1,0,0,3,0,1
기타,6,94,21,33,사지/골반골격|두부/경부,1,0,0,1,0,1,19,0,1
기타,6,131,12,37,사지/골반골격|체표면/기타,0,0,0,1,0,0,6,0,0
추락,6,122,10,45,두부/경부,1,0,0,0,0,0,9,0,0
교통사고,6,113,18,35,사지/골반골격,0,0,0,1,0,0,13,0,0
교통사고,6,128,22,73,사지/골반골격|흉부,0,1,0,1,0,0,3,0,0
기타,6,125,11,11,두부/경부|흉부|복부/골반장기,1,1,1,0,0,0,8,0,0
미끄러짐,5,128,12,47,체표면/기타,0,0,0,0,0,0,1,1,1
교통사고,6,140,16,73,사지/골반골격|흉부,0,1,0,1,0,0,3,0,0
추락,6,68,25,39,두부/경부|복부/골반장기,1,0,1,0,0,1,42,1,1
교통사고,2,113,23,81,체표면/기타|두부/경부|복부/골반장기|안면,1,0,1,0,0,1,24,1,1
교통사고,6,121,10,2,사지/골반골격|체표면/기타|두부/경부,1,0,0,1,0,0,2,0,0
추락,6,84,20,39,두부/경부|흉부,1,1,0,0,0,0,11,1,1
교통사고,6,125,26,23,두부/경부,1,0,0,0,0,0,7,0,0
추락,5,94,18,18,사지/골반골격|두부/경부,1,0,0,1,0,1,26,1,1
미끄러짐,5,112,16,41,두부/경부|흉부,1,1,0,0,0,0,8,1,1
기타,2,97,21,71,체표면/기타|두부/경부|안면,1,0,0,0,0,1,16,1,1
교통사고,2,88,22,75,두부/경부|흉부,1,1,0,0,0,1,25,1,1
미끄러짐,5,111,22,6,체표면/기타|흉부,0,1,0,0,0,0,9,1,1
미끄러짐,6,139,18,41,사지/골반골격|체표면/기타|안면,0,0,0,1,0,0,9,0,1
미끄러짐,6,127,16,80,사지/골반골격|체표면/기타,0,0,0,1,0,0,4,0,0
교통사고,6,148,11,66,사지/골반골격|체표면/기타|두부/경부|흉부,1,1,0,1,0,0,10,0,0
교통사고,6,110,18,65,두부/경부|흉부|복부/골반장기,1,1,1,0,0,0,9,0,0
교통사고,6,98,22,40,체표면/기타|두부/경부,1,0,0,0,0,0,2,0,0
미끄러짐,5,133,23,39,체표면/기타|흉부,0,1,0,0,0,0,6,1,1
부딪힘,3,64,23,46,흉부,0,1,0,0,0,1,16,1,1
미끄러짐,6,150,20,66,체표면/기타,0,0,0,0,0,0,4,0,0
교통사고,6,136,20,46,체표면/기타|두부/경부|흉부,1,1,0,0,0,0,1,0,0
기타,6,100,16,82,사지/골반골격|흉부,0,1,0,1,0,0,5,1,1
기타,5,112,18,81,사지/골반골격|체표면/기타|두부/경부,1,0,0,1,0,0,2,1,1
베임/찔림(관통상),5,113,10,28,사지/골반골격,0,0,0,1,0,0,4,1,1
교통사고,6,136,13,65,사지/골반골격|체표면/기타|두부/경부|흉부|복부/골반장기,1,1,1,1,0,0,13,0,0
교통사고,3,100,25,49,사지/골반골격|체표면/기타|두부/경부,1,0,0,1,0,1,16,1,1
부딪힘,6,148,18,43,체표면/기타|흉부,0,1,0,0,0,0,2,0,0
미끄러짐,5,97,18,54,사지/골반골격|두부/경부|흉부,1,1,0,1,0,0,10,1,1
추락,4,79,29,53,사지/골반골격|체표면/기타|두부/경부|복부/골반장기,1,0,1,1,0,1,16,1,1
추락,6,128,15,68,체표면/기타,0,0,0,0,0,0,11,0,0
교통사고,6,136,16,74,사지/골반골격|흉부|복부/골반장기,0,1,1,1,0,0,6,0,0
교통사고,6,117,17,75,사지/골반골격|체표면/기타|두부/경부,1,0,0,1,0,0,3,0,0
추락,1,85,18,65,체표면/기타|두부/경부|흉부,1,1,0,0,0,1,16,1,1
추락,6,104,14,45,사지/골반골격,0,0,0,1,0,0,4,0,0
교통사고,5,102,19,41,두부/경부,1,0,0,0,0,1,21,1,1
미끄러짐,5,90,19,67,사지/골반골격|체표면/기타|두부/경부,1,0,0,1,0,0,1,1,1
교통사고,6,137,21,58,사지/골반골격|흉부|복부/골반장기|안면,0,1,1,1,0,0,4,0,0
미끄러짐,3,74,26,52,두부/경부|흉부,1,1,0,0,0,1,21,1,1
교통사고,6,94,22,74,체표면/기타|복부/골반장기,0,0,1,0,0,0,14,1,1
추락,6,112,13,35,두부/경부|흉부|복부/골반장기,1,1,1,0,0,0,10,0,0
교통사고,6,132,18,47,사지/골반골격|체표면/기타|두부/경부|복부/골반장기,1,0,1,1,0,0,8,0,0
교통사고,6,126,15,76,체표면/기타|두부/경부|복부/골반장기,1,0,1,0,0,0,7,0,1
교통사고,5,79,27,37,사지/골반골격|체표면/기타|두부/경부|흉부,1,1,0,1,0,1,21,1,1
추락,6,97,12,47,사지/골반골격|체표면/기타|두부/경부,1,0,0,1,0,0,4,0,0
베임/찔림(관통상),5,58,9,33,사지/골반골격|흉부,0,1,0,1,0,1,26,1,1
추락,5,89,18,50,두부/경부|흉부|복부/골반장기|안면,1,1,1,0,0,1,16,1,0
교통사고,6,131,17,27,두부/경부|복부/골반장기,1,0,1,0,0,0,6,0,0
교통사고,3,55,25,45,사지/골반골격|체표면/기타|흉부,0,1,0,1,0,1,16,1,1
교통사고,6,123,17,55,사지/골반골격,0,0,0,1,0,0,1,0,0
미끄러짐,6,124,18,65,두부/경부|흉부,1,1,0,0,0,0,9,0,0
추락,6,108,14,79,사지/골반골격|체표면/기타|두부/경부,1,0,0,1,0,0,10,1,1
교통사고,6,117,22,87,안면,0,0,0,0,0,0,3,0,0
미끄러짐,6,124,15,47,체표면/기타|두부/경부,1,0,0,0,0,0,3,0,0
미끄러짐,6,129,18,64,사지/골반골격|체표면/기타|두부/경부|복부/골반장기,1,0,1,1,0,0,1,0,0
교통사고,5,117,21,72,사지/골반골격|체표면/기타,0,0,0,1,0,0,8,1,1
교통사고,1,97,19,63,체표면/기타|두부/경부,1,0,0,0,0,1,16,1,1
추락,4,98,26,72,사지/골반골격|두부/경부|안면,1,0,0,1,0,1,16,1,1
미끄러짐,6,129,18,65,체표면/기타,0,0,0,0,0,0,7,0,0
기타,5,156,14,32,사지/골반골격|체표면/기타|두부/경부|흉부,1,1,0,1,0,0,7,1,1
추락,6,104,15,82,사지/골반골격,0,0,0,1,0,0,15,1,1
미끄러짐,1,99,18,79,사지/골반골격|체표면/기타|흉부,0,1,0,1,0,1,16,1,1
베임/찔림(관통상),5,117,19,74,체표면/기타,0,0,0,0,0,0,14,1,1
추락,3,80,19,15,사지/골반골격|체표면/기타,0,0,0,1,0,1,16,1,1
기타,1,60,33,21,사지/골반골격|흉부|안면,0,1,0,1,0,1,16,1,1
미끄러짐,2,98,15,77,사지/골반골격|복부/골반장기,0,0,1,1,0,1,24,1,1
기타,5,117,17,74,두부/경부|흉부|복부/골반장기,1,1,1,0,0,0,3,1,1
교통사고,4,67,16,43,사지/골반골격|두부/경부|흉부,1,1,0,1,0,1,20,1,1
미끄러짐,6,106,10,33,사지/골반골격|체표면/기타|두부/경부|흉부,1,1,0,1,0,0,7,0,0
기타,6,118,21,75,체표면/기타|두부/경부|흉부,1,1,0,0,0,0,4,0,0
미끄러짐,5,129,18,53,사지/골반골격|두부/경부,1,0,0,1,0,0,8,1,1
미끄러짐,5,138,23,33,사지/골반골격|체표면/기타|복부/골반장기,0,0,1,1,0,0,4,1,1
교통사고,5,117,21,80,사지/골반골격|체표면/기타,0,0,0,1,0,0,5,1,1
교통사고,3,83,17,82,흉부,0,1,0,0,0,1,16,1,1
교통사고,5,66,24,60,사지/골반골격|흉부,0,1,0,1,0,1,22,1,1
기타,5,108,12,43,사지/골반골격|체표면/기타|두부/경부,1,0,0,1,0,0,1,1,1
미끄러짐,6,124,19,89,두부/경부|복부/골반장기,1,0,1,0,0,0,8,0,0
교통사고,4,87,15,58,사지/골반골격|두부/경부|흉부|복부/골반장기,1,1,1,1,0,1,28,1,1
교통사고,4,88,25,47,사지/골반골격|흉부|복부/골반장기,0,1,1,1,0,1,29,1,1
미끄러짐,6,97,15,77,체표면/기타|흉부,0,1,0,0,0,0,4,1,1
교통사고,3,61,15,76,흉부|복부/골반장기,0,1,1,0,0,1,16,1,1
미끄러짐,6,127,15,63,사지/골반골격|두부/경부|복부/골반장기|안면,1,0,1,1,0,0,5,0,0
교통사고,5,172,12,60,사지/골반골격|체표면/기타|복부/골반장기,0,0,1,1,0,0,2,1,1
교통사고,6,86,24,77,사지/골반골격,0,0,0,1,0,1,16,1,1
교통사고,3,54,21,76,두부/경부,1,0,0,0,0,1,21,1,1
베임/찔림(관통상),2,93,24,83,사지/골반골격|흉부|복부/골반장기,0,1,1,1,0,1,36,1,1
기타,5,75,27,91,사지/골반골격|두부/경부|흉부|복부/골반장기,1,1,1,1,0,1,23,1,1
교통사고,6,120,17,75,두부/경부|흉부,1,1,0,0,0,1,16,0,1
교통사고,6,148,16,68,사지/골반골격|두부/경부|흉부|복부/골반장기,1,1,1,1,0,0,3,0,0
부딪힘,6,168,20,53,흉부,0,1,0,0,0,0,5,0,0
교통사고,6,125,18,19,체표면/기타|흉부,0,1,0,0,0,0,11,0,0
부딪힘,6,87,19,66,두부/경부,1,0,0,0,0,0,5,1,1
부딪힘,5,109,14,42,체표면/기타,0,0,0,0,0,0,7,1,1
부딪힘,5,120,20,60,체표면/기타|두부/경부|흉부,1,1,0,0,0,1,32,1,0
기타,6,61,21,55,체표면/기타|두부/경부|복부/골반장기,1,0,1,0,0,1,16,1,1
미끄러짐,5,69,19,23,두부/경부|흉부,1,1,0,0,0,1,16,1,1
교통사고,5,85,15,70,체표면/기타|복부/골반장기,0,0,1,0,0,1,16,1,1
추락,6,133,23,54,사지/골반골격,0,0,0,1,0,0,9,0,0
미끄러짐,5,116,25,83,사지/골반골격|체표면/기타|두부/경부|흉부,1,1,0,1,0,0,1,1,1
추락,3,106,20,70,흉부|복부/골반장기,0,1,1,0,0,1,20,1,1
부딪힘,6,131,16,11,사지/골반골격|두부/경부,1,0,0,1,0,0,4,0,0
기타,6,80,16,21,흉부|안면,0,1,0,0,0,0,10,1,1
교통사고,6,111,15,31,사지/골반골격,0,0,0,1,0,0,8,0,0
교통사고,6,100,27,37,두부/경부|흉부,1,1,0,0,0,1,25,0,1
교통사고,3,73,17,18,체표면/기타|두부/경부|흉부|안면,1,1,0,0,0,1,18,1,1
추락,5,148,19,58,체표면/기타,0,0,0,0,0,0,11,1,1
추락,5,97,13,51,사지/골반골격|흉부,0,1,0,1,0,0,9,1,1
베임/찔림(관통상),6,137,17,73,체표면/기타|흉부|안면,0,1,0,0,0,0,4,0,0
교통사고,2,60,25,70,사지/골반골격|체표면/기타|두부/경부,1,0,0,1,0,1,24,1,1
미끄러짐,1,50,17,63,두부/경부|복부/골반장기,1,0,1,0,0,1,16,1,1
교통사고,5,114,24,45,사지/골반골격|체표면/기타|흉부,0,1,0,1,0,0,1,1,1
교통사고,3,94,25,69,흉부,0,1,0,0,0,1,20,1,1
교통사고,6,128,17,69,사지/골반골격|체표면/기타|복부/골반장기,0,0,1,1,0,0,10,0,0
추락,6,123,19,67,체표면/기타|두부/경부,1,0,0,0,0,0,6,0,0
미끄러짐,5,114,19,75,체표면/기타,0,0,0,0,0,0,5,1,1
교통사고,3,91,15,46,사지/골반골격|두부/경부,1,0,0,1,0,1,16,1,1
추락,6,79,17,33,체표면/기타|두부/경부|흉부,1,1,0,0,0,1,32,1,1
기타,6,113,17,24,사지/골반골격|흉부,0,1,0,1,0,0,3,0,0
기타,6,125,11,75,사지/골반골격|두부/경부|흉부|복부/골반장기|안면,1,1,1,1,0,0,9,0,0
교통사고,6,76,19,44,사지/골반골격|흉부,0,1,0,1,0,1,21,1,1
추락,1,84,35,72,체표면/기타,0,0,0,0,0,1,16,1,1
교통사고,6,93,19,26,두부/경부|흉부|복부/골반장기|안면,1,1,1,0,0,1,25,0,1
부딪힘,5,148,18,50,사지/골반골격|체표면/기타|두부/경부|복부/골반장기,1,0,1,1,0,0,4,1,1
교통사고,6,116,15,49,두부/경부,1,0,0,0,0,1,16,0,1
미끄러짐,6,120,17,75,사지/골반골격|체표면/기타|흉부,0,1,0,1,0,0,3,0,0
교통사고,5,111,14,30,사지/골반골격,0,0,0,1,0,0,1,1,1
추락,6,133,18,67,사지/골반골격|두부/경부,1,0,0,1,0,0,11,0,0
부딪힘,5,90,18,35,체표면/기타,0,0,0,0,0,0,9,1,1
추락,5,99,20,6,사지/골반골격|흉부|안면,0,1,0,1,0,0,7,1,1
미끄러짐,6,155,26,75,사지/골반골격|체표면/기타|두부/경부,1,0,0,1,0,0,6,0,0
추락,6,138,18,35,두부/경부|복부/골반장기,1,0,1,0,0,0,9,0,0
교통사고,6,135,16,38,사지/골반골격|두부/경부,1,0,0,1,0,0,5,0,0
교통사고,6,119,20,54,사지/골반골격,0,0,0,1,0,0,4,0,0
베임/찔림(관통상),5,139,16,62,체표면/기타,0,0,0,0,0,0,7,1,0
교통사고,2,77,22,19,흉부|안면,0,1,0,0,0,1,22,1,0
추락,5,108,23,40,사지/골반골격|흉부,0,1,0,1,0,1,21,1,1
기타,4,99,14,38,사지/골반골격|체표면/기타|두부/경부|흉부,1,1,0,1,0,1,16,1,1
추락,6,157,14,79,사지/골반골격|체표면/기타|두부/경부,1,0,0,1,0,0,5,0,1
미끄러짐,5,104,16,64,사지/골반골격|체표면/기타|두부/경부|흉부,1,1,0,1,0,0,6,1,1
미끄러짐,5,128,21,86,체표면/기타|두부/경부|흉부|복부/골반장기|안면,1,1,1,0,0,0,3,1,1
교통사고,3,88,10,35,사지/골반골격|흉부|복부/골반장기,0,1,1,1,0,1,21,1,1
미끄러짐,3,82,21,67,사지/골반골격,0,0,0,1,0,1,16,1,1
교통사고,6,134,20,74,두부/경부|흉부,1,1,0,0,0,0,8,0,0
교통사고,6,129,11,12,사지/골반골격|안면,0,0,0,1,0,0,8,0,0
교통사고,4,79,22,57,사지/골반골격|복부/골반장기,0,0,1,1,0,1,16,1,1
추락,6,157,18,59,체표면/기타|흉부,0,1,0,0,0,0,9,0,1
부딪힘,6,113,23,65,사지/골반골격|체표면/기타,0,0,0,1,0,0,4,0,0
미끄러짐,6,120,11,63,사지/골반골격|체표면/기타,0,0,0,1,0,0,1,0,0
교통사고,6,132,15,76,체표면/기타,0,0,0,0,0,0,1,0,0
교통사고,1,83,22,39,사지/골반골격|두부/경부|흉부,1,1,0,1,0,1,18,1,1
교통사고,6,116,23,63,체표면/기타|흉부,0,1,0,0,0,0,4,0,0
기타,6,114,18,27,체표면/기타,0,0,0,0,0,0,5,0,0
교통사고,6,91,12,83,체표면/기타|복부/골반장기,0,0,1,0,0,0,5,1,1
베임/찔림(관통상),3,65,24,18,두부/경부|복부/골반장기,1,0,1,0,0,1,16,1,1
부딪힘,6,180,16,73,체표면/기타|두부/경부,1,0,0,0,0,0,2,0,0
교통사고,6,114,20,42,사지/골반골격|체표면/기타|흉부,0,1,0,1,0,0,4,0,0
교통사고,5,107,17,68,체표면/기타,0,0,0,0,0,0,8,1,1
교통사고,5,95,25,87,사지/골반골격|두부/경부,1,0,0,1,0,1,42,1,1
미끄러짐,6,116,20,40,체표면/기타|두부/경부|복부/골반장기,1,0,1,0,0,0,5,0,0
교통사고,6,111,13,54,체표면/기타,0,0,0,0,0,0,10,0,0
추락,6,126,11,38,흉부,0,1,0,0,0,0,13,0,0
교통사고,5,101,17,26,두부/경부|복부/골반장기|안면,1,0,1,0,0,0,14,1,1
추락,6,80,22,75,사지/골반골격,0,0,0,1,0,1,36,1,1
부딪힘,5,108,15,49,체표면/기타,0,0,0,0,0,0,5,1,1
미끄러짐,5,111,16,46,사지/골반골격|흉부,0,1,0,1,0,0,1,1,1
교통사고,6,92,28,48,체표면/기타|두부/경부,1,0,0,0,0,1,16,0,1
추락,6,119,13,29,체표면/기타|두부/경부,1,0,0,0,0,0,4,0,0
미끄러짐,6,123,15,73,체표면/기타|복부/골반장기|안면,0,0,1,0,0,0,5,0,0
베임/찔림(관통상),4,97,26,41,체표면/기타,0,0,0,0,0,1,21,1,1
추락,5,120,20,61,사지/골반골격|두부/경부|흉부,1,1,0,1,0,0,6,1,1
부딪힘,5,123,13,48,체표면/기타,0,0,0,0,0,0,9,1,1
미끄러짐,5,84,18,5,사지/골반골격|체표면/기타|두부/경부,1,0,0,1,0,0,7,1,1
미끄러짐,6,145,10,63,사지/골반골격|체표면/기타|두부/경부,1,0,0,1,0,0,4,0,0
추락,3,90,25,79,사지/골반골격|흉부,0,1,0,1,0,1,22,1,1
교통사고,6,108,17,38,사지/골반골격|체표면/기타|두부/경부,1,0,0,1,0,0,8,0,0
추락,1,96,18,48,흉부|복부/골반장기,0,1,1,0,0,1,23,1,1
추락,1,90,15,39,사지/골반골격|체표면/기타,0,0,0,1,0,1,16,1,0
교통사고,4,93,16,72,사지/골반골격|두부/경부,1,0,0,1,0,1,33,1,1
미끄러짐,5,135,12,39,체표면/기타|두부/경부,1,0,0,0,0,0,4,1,1
추락,6,117,16,34,사지/골반골격|두부/경부,1,0,0,1,0,0,6,0,0
베임/찔림(관통상),6,149,18,46,사지/골반골격|흉부,0,1,0,1,0,0,1,0,0
미끄러짐,5,161,21,53,사지/골반골격|두부/경부,1,0,0,1,0,0,10,1,1
추락,5,133,22,70,사지/골반골격|체표면/기타|흉부,0,1,0,1,0,0,8,1,1
교통사고,4,73,13,42,사지/골반골격|두부/경부,1,0,0,1,0,1,16,1,1
교통사고,5,112,15,75,사지/골반골격,0,0,0,1,0,0,10,1,0
기타,6,143,16,55,사지/골반골격|체표면/기타|안면,0,0,0,1,0,0,4,0,0
교통사고,5,130,16,80,사지/골반골격|두부/경부|복부/골반장기,1,0,1,1,0,0,8,1,1
교통사고,6,93,20,74,체표면/기타|두부/경부|흉부,1,1,0,0,0,1,16,1,1
미끄러짐,5,83,23,28,사지/골반골격|두부/경부|흉부,1,1,0,1,0,1,16,1,1
미끄러짐,5,113,18,64,체표면/기타|복부/골반장기,0,0,1,0,0,0,4,1,1
베임/찔림(관통상),5,79,30,67,두부/경부|흉부,1,1,0,0,0,1,29,1,1
교통사고,5,71,18,85,복부/골반장기,0,0,1,0,0,1,16,1,1
기타,3,88,13,49,사지/골반골격|두부/경부|흉부|복부/골반장기,1,1,1,1,0,1,28,1,0
교통사고,5,130,13,81,체표면/기타|두부/경부|복부/골반장기|안면,1,0,1,0,0,0,4,1,1
추락,5,80,18,42,사지/골반골격|체표면/기타|두부/경부,1,0,0,1,0,0,9,1,1
미끄러짐,5,137,10,71,체표면/기타|두부/경부,1,0,0,0,0,0,1,1,1
미끄러짐,6,95,21,70,사지/골반골격|복부/골반장기,0,0,1,1,0,0,3,1,1
미끄러짐,6,168,15,71,사지/골반골격|두부/경부|흉부,1,1,0,1,0,0,1,0,0
추락,6,131,22,82,흉부|복부/골반장기,0,1,1,0,0,0,5,0,0
교통사고,5,110,20,11,체표면/기타,0,0,0,0,0,1,16,1,1
미끄러짐,6,127,19,80,사지/골반골격|흉부,0,1,0,1,0,0,6,0,0
미끄러짐,5,100,19,75,사지/골반골격|흉부|복부/골반장기,0,1,1,1,0,0,9,1,1
교통사고,5,114,20,46,체표면/기타|흉부|복부/골반장기,0,1,1,0,0,1,23,1,1
추락,5,90,13,62,사지/골반골격,0,0,0,1,0,0,7,1,1
교통사고,6,126,19,83,사지/골반골격|체표면/기타|흉부|복부/골반장기|안면,0,1,1,1,0,0,9,0,0
교통사고,6,121,18,65,체표면/기타,0,0,0,0,0,0,6,0,0
베임/찔림(관통상),3,96,20,62,사지/골반골격|두부/경부,1,0,0,1,0,1,25,1,1
부딪힘,5,149,15,77,사지/골반골격|두부/경부|흉부,1,1,0,1,0,0,8,1,1
베임/찔림(관통상),2,102,19,9,사지/골반골격|두부/경부,1,0,0,1,0,1,34,1,1
교통사고,6,95,23,50,사지/골반골격|두부/경부|복부/골반장기,1,0,1,1,0,0,10,0,0
미끄러짐,6,112,14,18,체표면/기타|복부/골반장기,0,0,1,0,0,0,1,0,0
교통사고,6,125,11,67,안면,0,0,0,0,0,0,1,0,0
추락,5,88,25,42,체표면/기타|두부/경부,1,0,0,0,0,1,16,1,1
교통사고,2,123,9,57,두부/경부|흉부,1,1,0,0,0,1,19,1,1
미끄러짐,6,130,15,11,사지/골반골격|안면,0,0,0,1,0,0,7,0,0
미끄러짐,5,143,19,53,체표면/기타|복부/골반장기,0,0,1,0,0,0,5,1,1
교통사고,6,137,16,73,흉부|복부/골반장기,0,1,1,0,0,0,15,0,0
교통사고,5,78,12,75,사지/골반골격|체표면/기타|두부/경부|흉부|복부/골반장기,1,1,1,1,0,1,18,1,1
베임/찔림(관통상),5,126,12,90,복부/골반장기,0,0,1,0,0,0,7,1,1
교통사고,1,83,28,85,체표면/기타|두부/경부|흉부,1,1,0,0,0,1,16,1,1
교통사고,6,129,19,69,체표면/기타,0,0,0,0,0,0,12,0,0
교통사고,6,91,19,52,사지/골반골격|복부/골반장기,0,0,1,1,0,0,1,0,0
기타,6,120,15,63,체표면/기타|두부/경부,1,0,0,0,0,0,4,0,0
교통사고,3,74,16,53,체표면/기타|두부/경부|흉부|복부/골반장기,1,1,1,0,0,1,26,1,1
추락,6,122,17,70,사지/골반골격,0,0,0,1,0,0,6,0,0
교통사고,6,136,18,39,두부/경부|흉부,1,1,0,0,0,0,10,0,0
추락,6,115,10,21,두부/경부|복부/골반장기,1,0,1,0,0,0,5,0,1
베임/찔림(관통상),5,111,17,72,사지/골반골격|두부/경부|흉부,1,1,0,1,0,1,17,1,1
추락,6,134,11,68,사지/골반골격|체표면/기타,0,0,0,1,0,0,7,0,0
추락,6,112,13,63,두부/경부|흉부|복부/골반장기|안면,1,1,1,0,0,0,7,0,0
미끄러짐,4,83,27,69,사지/골반골격|체표면/기타|두부/경부,1,0,0,1,0,1,16,1,1
추락,3,102,16,67,사지/골반골격,0,0,0,1,0,1,16,1,1
교통사고,2,82,21,28,두부/경부|흉부|복부/골반장기,1,1,1,0,0,1,26,1,1
교통사고,5,77,30,66,체표면/기타|두부/경부|흉부,1,1,0,0,0,1,21,1,1
교통사고,3,55,22,38,체표면/기타|흉부,0,1,0,0,0,1,24,1,1
베임/찔림(관통상),6,130,17,70,체표면/기타|흉부,0,1,0,0,0,0,8,0,0
교통사고,1,109,16,73,체표면/기타|두부/경부|흉부,1,1,0,0,0,1,18,1,1
교통사고,4,82,27,40,사지/골반골격|체표면/기타|두부/경부|흉부,1,1,0,1,0,1,20,1,1
추락,4,111,29,42,사지/골반골격|두부/경부|복부/골반장기|안면,1,0,1,1,0,1,16,1,1
교통사고,2,77,18,68,두부/경부,1,0,0,0,0,1,16,1,1
부딪힘,5,95,15,53,사지/골반골격|체표면/기타|흉부|안면,0,1,0,1,0,0,4,1,1
교통사고,3,106,15,45,체표면/기타|두부/경부|흉부,1,1,0,0,0,1,18,1,1
교통사고,5,80,39,26,두부/경부|흉부,1,1,0,0,0,1,22,1,1
미끄러짐,5,128,17,79,흉부|복부/골반장기,0,1,1,0,0,0,6,1,1
베임/찔림(관통상),6,127,21,31,체표면/기타|안면,0,0,0,0,0,0,1,0,0
추락,5,94,10,47,사지/골반골격|체표면/기타|흉부,0,1,0,1,0,0,7,1,1
기타,5,120,22,38,두부/경부,1,0,0,0,0,0,11,1,1
미끄러짐,6,137,10,60,체표면/기타,0,0,0,0,0,0,1,0,0
미끄러짐,6,151,19,77,사지/골반골격|흉부|안면,0,1,0,1,0,0,5,0,0
교통사고,2,91,25,62,두부/경부|흉부|복부/골반장기,1,1,1,0,0,1,16,1,1
미끄러짐,6,130,18,80,사지/골반골격,0,0,0,1,0,0,6,0,0
미끄러짐,5,139,15,74,사지/골반골격|흉부|복부/골반장기,0,1,1,1,0,0,6,1,1
교통사고,6,131,19,70,사지/골반골격|체표면/기타,0,0,0,1,0,0,6,0,0
미끄러짐,6,105,11,72,두부/경부,1,0,0,0,0,0,1,1,1
기타,6,132,10,34,사지/골반골격|체표면/기타,0,0,0,1,0,0,1,0,0
부딪힘,6,126,17,71,두부/경부,1,0,0,0,0,0,5,0,0
부딪힘,5,114,12,81,흉부,0,1,0,0,0,0,1,1,1
미끄러짐,6,112,19,51,두부/경부,1,0,0,0,0,0,5,0,0
기타,3,86,16,76,흉부|복부/골반장기,0,1,1,0,0,1,16,1,0
기타,1,93,16,80,체표면/기타|흉부,0,1,0,0,0,1,16,1,1
교통사고,3,116,29,56,사지/골반골격|두부/경부|흉부|복부/골반장기,1,1,1,1,0,1,16,1,1
교통사고,5,118,23,51,두부/경부|복부/골반장기,1,0,1,0,0,1,16,1,1
기타,5,130,11,74,사지/골반골격|복부/골반장기,0,0,1,1,0,0,4,1,1
추락,5,78,16,26,두부/경부|흉부,1,1,0,0,0,1,26,1,1
추락,6,113,24,65,사지/골반골격|체표면/기타|두부/경부,1,0,0,1,0,0,4,0,0
추락,5,124,18,44,체표면/기타,0,0,0,0,0,0,8,1,1
미끄러짐,6,137,10,8,사지/골반골격|체표면/기타|흉부,0,1,0,1,0,0,7,0,0
교통사고,6,114,21,37,사지/골반골격|체표면/기타|흉부|안면,0,1,0,1,0,0,8,0,0
추락,4,86,14,50,두부/경부|흉부,1,1,0,0,0,1,30,1,0
교통사고,4,82,14,47,사지/골반골격|두부/경부,1,0,0,1,0,1,39,1,1
베임/찔림(관통상),2,104,21,59,두부/경부,1,0,0,0,0,1,23,1,1
추락,3,91,32,78,사지/골반골격|두부/경부,1,0,0,1,0,1,30,1,1
추락,6,105,23,33,체표면/기타,0,0,0,0,0,0,1,0,0
부딪힘,1,73,26,77,사지/골반골격|체표면/기타|두부/경부|흉부,1,1,0,1,0,1,16,1,1
미끄러짐,6,113,18,31,체표면/기타|흉부,0,1,0,0,0,0,2,0,0
기타,6,115,12,40,사지/골반골격|체표면/기타|두부/경부,1,0,0,1,0,0,1,0,0
미끄러짐,6,90,21,68,체표면/기타,0,0,0,0,0,0,2,1,1
교통사고,6,160,24,87,사지/골반골격,0,0,0,1,0,0,3,0,0
추락,6,143,18,7,안면,0,0,0,0,0,0,5,0,0
교통사고,6,81,21,76,두부/경부|흉부,1,1,0,0,0,1,16,1,1
베임/찔림(관통상),6,131,12,26,두부/경부,1,0,0,0,0,0,15,0,1
미끄러짐,6,131,21,37,사지/골반골격|체표면/기타|두부/경부,1,0,0,1,0,0,11,0,0
추락,4,67,19,83,두부/경부|흉부,1,1,0,0,0,1,26,1,1
미끄러짐,5,124,10,52,사지/골반골격|체표면/기타,0,0,0,1,0,0,1,1,1
미끄러짐,6,120,14,70,체표면/기타|안면,0,0,0,0,0,0,10,0,0
부딪힘,6,113,18,73,사지/골반골격|체표면/기타|두부/경부|흉부|복부/골반장기,1,1,1,1,0,0,8,0,0
베임/찔림(관통상),2,88,14,50,흉부,0,1,0,0,0,1,22,1,1
추락,6,99,16,71,체표면/기타|흉부,0,1,0,0,0,0,15,1,1
미끄러짐,6,142,19,69,흉부|안면,0,1,0,0,0,0,2,0,0
미끄러짐,6,128,13,57,흉부,0,1,0,0,0,0,5,0,0
교통사고,5,99,36,55,사지/골반골격,0,0,0,1,0,1,30,1,1
미끄러짐,6,123,17,63,사지/골반골격|두부/경부,1,0,0,1,0,0,5,0,0
추락,6,119,14,74,사지/골반골격|흉부,0,1,0,1,0,0,11,0,0
미끄러짐,6,135,10,80,체표면/기타|두부/경부|안면,1,0,0,0,0,0,5,0,0
미끄러짐,6,93,17,14,체표면/기타|두부/경부|흉부|복부/골반장기|안면,1,1,1,0,0,0,8,0,0
미끄러짐,6,127,17,78,체표면/기타,0,0,0,0,0,0,6,0,0
교통사고,1,112,22,23,사지/골반골격|두부/경부|흉부|복부/골반장기,1,1,1,1,0,1,19,1,1
추락,4,97,26,64,사지/골반골격,0,0,0,1,0,1,23,1,1
추락,6,102,10,74,두부/경부,1,0,0,0,0,0,11,1,1
교통사고,6,142,18,50,두부/경부,1,0,0,0,0,0,7,0,0
미끄러짐,6,146,17,81,사지/골반골격|흉부,0,1,0,1,0,0,1,0,0
교통사고,6,112,17,31,사지/골반골격|체표면/기타|안면,0,0,0,1,0,0,15,0,0
교통사고,6,121,14,45,두부/경부,1,0,0,0,0,0,5,0,0
교통사고,1,97,29,39,사지/골반골격|체표면/기타|흉부|안면,0,1,0,1,0,1,19,1,1
미끄러짐,5,117,14,75,흉부|복부/골반장기,0,1,1,0,0,0,1,1,1
추락,6,140,18,62,두부/경부,1,0,0,0,0,0,5,0,0
추락,6,93,17,76,체표면/기타|두부/경부|흉부|복부/골반장기,1,1,1,0,0,1,23,1,1
교통사고,6,117,13,68,체표면/기타,0,0,0,0,0,0,6,0,0
베임/찔림(관통상),3,90,23,77,사지/골반골격|체표면/기타|흉부|복부/골반장기,0,1,1,1,0,1,28,1,1
교통사고,4,103,19,65,두부/경부,1,0,0,0,0,1,30,1,1
교통사고,6,179,22,36,복부/골반장기,0,0,1,0,0,0,11,0,0
교통사고,4,86,16,71,사지/골반골격|흉부,0,1,0,1,0,1,21,1,1
기타,6,135,10,79,사지/골반골격|체표면/기타|두부/경부,1,0,0,1,0,0,6,0,0
교통사고,6,133,19,49,사지/골반골격|흉부,0,1,0,1,0,0,1,0,0
교통사고,1,93,23,69,체표면/기타,0,0,0,0,0,1,20,1,1
미끄러짐,6,108,16,19,사지/골반골격|두부/경부,1,0,0,1,0,0,4,0,0
교통사고,5,74,26,74,체표면/기타,0,0,0,0,0,1,22,1,1
부딪힘,6,110,11,1,흉부,0,1,0,0,0,0,7,0,0
교통사고,6,136,17,74,두부/경부|안면,1,0,0,0,0,0,8,0,0
교통사고,6,141,13,74,사지/골반골격|체표면/기타|두부/경부|흉부,1,1,0,1,0,0,7,0,1
교통사고,5,77,9,30,체표면/기타|흉부,0,1,0,0,0,1,21,1,1
교통사고,6,152,16,69,체표면/기타|복부/골반장기,0,0,1,0,0,0,6,0,0
교통사고,4,91,26,75,두부/경부|흉부,1,1,0,0,0,1,23,1,1
추락,5,146,15,74,사지/골반골격|체표면/기타|복부/골반장기,0,0,1,1,0,0,3,1,1
기타,4,54,17,52,사지/골반골격|두부/경부|복부/골반장기,1,0,1,1,0,1,16,1,1
교통사고,6,123,21,35,두부/경부|흉부,1,1,0,0,0,0,10,0,0
부딪힘,6,98,19,59,체표면/기타,0,0,0,0,0,0,1,0,0
추락,6,109,17,47,사지/골반골격|체표면/기타,0,0,0,1,0,0,15,0,0
추락,6,118,20,42,두부/경부,1,0,0,0,0,0,5,0,0
교통사고,5,107,14,11,두부/경부,1,0,0,0,0,0,5,1,1
추락,5,104,19,32,사지/골반골격|체표면/기타,0,0,0,1,0,1,28,1,1
교통사고,6,110,20,34,두부/경부,1,0,0,0,0,0,4,0,0
교통사고,6,163,20,68,체표면/기타,0,0,0,0,0,0,5,0,0
기타,6,135,16,17,사지/골반골격|체표면/기타|두부/경부|흉부|안면,1,1,0,1,0,0,8,0,0
미끄러짐,6,132,14,67,사지/골반골격|체표면/기타|두부/경부|흉부,1,1,0,1,0,0,11,0,0
기타,6,113,19,40,두부/경부|흉부|복부/골반장기|안면,1,1,1,0,0,0,1,0,0
교통사고,6,123,19,42,사지/골반골격|체표면/기타|두부/경부|흉부|안면,1,1,0,1,0,0,3,0,0
추락,3,77,7,35,사지/골반골격|복부/골반장기,0,0,1,1,0,1,33,1,1
추락,4,101,29,74,체표면/기타|흉부|복부/골반장기,0,1,1,0,0,1,18,1,1
추락,1,84,31,54,체표면/기타|흉부|안면,0,1,0,0,0,1,25,1,1
추락,6,152,27,67,사지/골반골격|두부/경부,1,0,0,1,0,0,9,0,0
미끄러짐,6,80,16,48,체표면/기타,0,0,0,0,0,0,2,1,1
부딪힘,6,118,18,44,사지/골반골격|체표면/기타,0,0,0,1,0,0,3,0,0
교통사고,6,140,19,78,두부/경부|안면,1,0,0,0,0,0,13,0,0
교통사고,5,122,13,57,두부/경부,1,0,0,0,0,0,1,1,1
교통사고,5,132,18,49,체표면/기타|흉부|안면,0,1,0,0,0,0,3,1,1
미끄러짐,6,114,22,30,사지/골반골격|흉부|복부/골반장기,0,1,1,1,0,0,4,0,0
기타,6,113,20,76,안면,0,0,0,0,0,0,12,0,0
미끄러짐,6,89,13,83,사지/골반골격|체표면/기타|복부/골반장기,0,0,1,1,0,0,5,1,1
기타,4,103,16,46,두부/경부|흉부,1,1,0,0,0,1,16,1,1
미끄러짐,6,126,17,61,체표면/기타|복부/골반장기,0,0,1,0,0,0,3,0,0
추락,3,83,22,33,복부/골반장기,0,0,1,0,0,1,26,1,1
미끄러짐,6,110,10,46,사지/골반골격|체표면/기타|두부/경부,1,0,0,1,0,0,6,0,0
부딪힘,6,101,26,35,체표면/기타,0,0,0,0,0,0,6,0,0
미끄러짐,3,96,18,37,체표면/기타|두부/경부|흉부|복부/골반장기,1,1,1,0,0,1,20,1,1
추락,5,69,28,19,사지/골반골격|체표면/기타|흉부,0,1,0,1,0,1,25,1,1
교통사고,1,74,10,4,사지/골반골격|체표면/기타|두부/경부|흉부|복부/골반장기,1,1,1,1,0,1,30,1,1
미끄러짐,6,121,15,81,두부/경부|흉부,1,1,0,0,0,0,10,0,0
추락,3,85,20,73,두부/경부|복부/골반장기,1,0,1,0,0,1,16,1,1
교통사고,5,113,12,69,사지/골반골격|흉부|복부/골반장기,0,1,1,1,0,0,2,1,1
추락,5,120,17,72,사지/골반골격|체표면/기타,0,0,0,1,0,0,5,1,1
교통사고,6,108,23,31,체표면/기타|두부/경부|흉부,1,1,0,0,0,0,1,0,1
기타,6,131,23,41,사지/골반골격|체표면/기타,0,0,0,1,0,0,4,0,0
교통사고,6,109,21,75,사지/골반골격|두부/경부,1,0,0,1,0,0,1,1,1
미끄러짐,5,135,16,65,사지/골반골격|체표면/기타|두부/경부|안면,1,0,0,1,0,0,6,1,1
미끄러짐,6,123,19,82,사지/골반골격|체표면/기타,0,0,0,1,0,0,1,0,0
교통사고,6,113,25,76,사지/골반골격,0,0,0,1,0,0,4,0,0
미끄러짐,6,108,17,46,사지/골반골격|두부/경부|안면,1,0,0,1,0,0,7,0,0
미끄러짐,6,116,21,34,두부/경부|복부/골반장기,1,0,1,0,0,0,6,0,0
미끄러짐,5,98,17,57,체표면/기타|두부/경부|복부/골반장기,1,0,1,0,0,1,16,1,1
추락,6,138,19,69,두부/경부,1,0,0,0,0,0,7,0,0
추락,6,107,19,80,사지/골반골격|체표면/기타|흉부,0,1,0,1,0,0,1,1,1
베임/찔림(관통상),5,96,26,61,사지/골반골격|흉부,0,1,0,1,0,1,24,1,1
미끄러짐,6,138,18,46,두부/경부,1,0,0,0,0,0,7,0,0
미끄러짐,6,115,25,57,안면,0,0,0,0,0,1,16,0,0
추락,1,66,29,49,두부/경부|흉부,1,1,0,0,0,1,34,1,1
미끄러짐,3,118,36,28,사지/골반골격|두부/경부|흉부|복부/골반장기,1,1,1,1,0,1,17,1,1
미끄러짐,1,58,22,52,체표면/기타,0,0,0,0,0,1,17,1,1
교통사고,6,153,15,16,체표면/기타,0,0,0,0,0,0,6,0,0
교통사고,5,82,21,29,체표면/기타,0,0,0,0,0,1,16,1,1
미끄러짐,5,141,14,79,체표면/기타,0,0,0,0,0,0,8,1,1
추락,5,117,18,25,체표면/기타|두부/경부|흉부|안면,1,1,0,0,0,0,10,1,1
추락,6,114,15,47,체표면/기타,0,0,0,0,0,1,32,0,0
기타,5,135,10,84,사지/골반골격|체표면/기타|두부/경부,1,0,0,1,0,0,1,1,1
교통사고,5,114,15,72,복부/골반장기,0,0,1,0,0,1,22,1,1
추락,2,70,28,36,두부/경부|흉부|복부/골반장기,1,1,1,0,0,1,24,1,1
미끄러짐,2,80,34,81,사지/골반골격|두부/경부|흉부,1,1,0,1,0,1,16,1,1
추락,5,103,18,58,두부/경부|복부/골반장기,1,0,1,0,0,0,4,1,1
교통사고,4,90,28,14,두부/경부|흉부,1,1,0,0,0,1,24,1,1
추락,2,83,28,86,체표면/기타|두부/경부,1,0,0,0,0,1,16,1,1
부딪힘,6,72,24,55,사지/골반골격|체표면/기타|두부/경부|흉부|복부/골반장기,1,1,1,1,0,1,17,1,1
추락,6,86,12,69,사지/골반골격,0,0,0,1,0,0,10,1,1
부딪힘,6,131,15,67,체표면/기타|두부/경부|흉부,1,1,0,0,0,0,7,0,0
교통사고,6,67,14,83,두부/경부,1,0,0,0,0,1,22,1,1
추락,2,88,25,43,사지/골반골격|흉부,0,1,0,1,0,1,30,1,1
교통사고,6,140,15,12,흉부|복부/골반장기,0,1,1,0,0,0,13,0,0
교통사고,6,121,16,74,흉부,0,1,0,0,0,0,9,0,0
미끄러짐,5,96,22,21,체표면/기타|두부/경부,1,0,0,0,0,0,1,1,1
교통사고,5,97,24,51,체표면/기타|두부/경부,1,0,0,0,0,0,6,1,1
부딪힘,6,104,13,44,사지/골반골격,0,0,0,1,0,0,5,0,0
미끄러짐,6,155,17,63,사지/골반골격|체표면/기타|안면,0,0,0,1,0,0,8,0,0
추락,6,107,14,84,흉부,0,1,0,0,0,0,9,1,1
베임/찔림(관통상),6,142,11,34,사지/골반골격|체표면/기타,0,0,0,1,0,0,6,0,0
교통사고,5,124,10,70,체표면/기타|흉부,0,1,0,0,0,0,5,1,1
미끄러짐,6,101,21,39,체표면/기타,0,0,0,0,0,0,8,0,0
추락,6,127,20,79,체표면/기타|두부/경부|흉부,1,1,0,0,0,0,4,0,0
추락,3,73,18,76,체표면/기타,0,0,0,0,0,1,18,1,1
교통사고,6,102,15,54,체표면/기타|두부/경부|흉부,1,1,0,0,0,1,25,0,1
기타,6,151,16,91,사지/골반골격|체표면/기타,0,0,0,1,0,0,1,0,0
추락,3,92,27,54,두부/경부,1,0,0,0,0,1,25,1,1
미끄러짐,5,145,12,74,사지/골반골격|체표면/기타,0,0,0,1,0,0,4,1,1
추락,6,132,17,66,체표면/기타,0,0,0,0,0,0,7,0,0
교통사고,5,133,20,61,사지/골반골격|체표면/기타|흉부,0,1,0,1,0,0,11,1,1
추락,6,144,15,53,체표면/기타|흉부|안면,0,1,0,0,0,0,1,0,0
교통사고,6,131,18,4,안면,0,0,0,0,0,0,6,0,0
교통사고,2,109,22,78,두부/경부|흉부,1,1,0,0,0,1,34,1,1
교통사고,6,131,14,18,사지/골반골격|두부/경부|흉부,1,1,0,1,0,0,7,0,0
교통사고,4,101,19,63,두부/경부,1,0,0,0,0,1,23,1,1
추락,5,97,24,48,체표면/기타,0,0,0,0,0,1,32,1,1
추락,5,153,19,82,사지/골반골격|체표면/기타|두부/경부,1,0,0,1,0,0,9,1,1
부딪힘,6,118,16,39,사지/골반골격|체표면/기타|두부/경부,1,0,0,1,0,0,6,0,0
추락,6,136,18,49,두부/경부,1,0,0,0,0,0,6,0,0
기타,6,138,18,74,두부/경부|흉부,1,1,0,0,0,0,4,0,0
교통사고,6,92,14,32,사지/골반골격|두부/경부|복부/골반장기,1,0,1,1,0,0,7,0,0
교통사고,6,112,16,6,체표면/기타,0,0,0,0,0,0,9,0,0
교통사고,4,50,28,65,체표면/기타|두부/경부|흉부,1,1,0,0,0,1,18,1,1
교통사고,6,132,16,20,체표면/기타,0,0,0,0,0,0,9,0,0
기타,5,113,14,65,체표면/기타,0,0,0,0,0,0,6,1,1
교통사고,5,126,24,34,사지/골반골격|복부/골반장기,0,0,1,1,0,0,9,1,1
미끄러짐,6,137,22,38,두부/경부|복부/골반장기,1,0,1,0,0,0,1,0,0
교통사고,4,138,26,66,사지/골반골격|두부/경부|복부/골반장기|안면,1,0,1,1,0,1,16,1,1
부딪힘,5,67,16,40,사지/골반골격|두부/경부|복부/골반장기,1,0,1,1,0,1,25,1,1
미끄러짐,5,113,17,39,두부/경부|흉부,1,1,0,0,0,0,1,1,1
교통사고,2,61,26,43,체표면/기타|두부/경부|흉부|복부/골반장기,1,1,1,0,0,1,16,1,1
기타,6,92,20,10,사지/골반골격|체표면/기타|복부/골반장기,0,0,1,1,0,0,3,0,0
미끄러짐,5,121,19,70,사지/골반골격,0,0,0,1,0,0,5,1,0
교통사고,2,70,20,16,두부/경부|복부/골반장기|안면,1,0,1,0,0,1,21,1,1
미끄러짐,5,107,18,78,사지/골반골격|두부/경부|흉부,1,1,0,1,0,0,2,1,1
추락,5,57,28,30,사지/골반골격|두부/경부|흉부,1,1,0,1,0,1,28,1,1
미끄러짐,6,126,11,76,체표면/기타|흉부,0,1,0,0,0,0,1,0,0
추락,4,98,33,34,체표면/기타|흉부,0,1,0,0,0,1,32,1,1
기타,6,116,15,33,체표면/기타|복부/골반장기,0,0,1,0,0,0,3,0,0
추락,6,117,10,47,사지/골반골격,0,0,0,1,0,0,15,0,0
기타,6,98,18,61,두부/경부|흉부,1,1,0,0,0,0,1,0,1
교통사고,5,149,15,73,체표면/기타,0,0,0,0,0,0,8,1,1
베임/찔림(관통상),4,80,19,68,두부/경부,1,0,0,0,0,1,26,1,1
미끄러짐,6,101,17,75,사지/골반골격,0,0,0,1,0,0,3,1,1
기타,6,91,13,36,체표면/기타|두부/경부|흉부,1,1,0,0,0,0,7,0,0
교통사고,6,143,19,34,사지/골반골격|흉부,0,1,0,1,0,0,3,0,0
추락,6,133,22,46,체표면/기타,0,0,0,0,0,0,2,0,0
미끄러짐,6,136,20,80,체표면/기타|두부/경부,1,0,0,0,0,0,6,0,0
교통사고,3,87,22,71,사지/골반골격|두부/경부|흉부|복부/골반장기,1,1,1,1,0,1,16,1,1
부딪힘,6,162,17,57,흉부,0,1,0,0,0,0,5,0,0
추락,5,143,15,77,사지/골반골격|체표면/기타|두부/경부,1,0,0,1,0,0,7,1,1
미끄러짐,5,108,21,11,사지/골반골격,0,0,0,1,0,0,5,1,1
추락,6,124,18,3,사지/골반골격|흉부,0,1,0,1,0,0,12,0,0
추락,6,95,28,73,체표면/기타|두부/경부|흉부,1,1,0,0,0,0,2,1,1
교통사고,6,82,19,38,복부/골반장기,0,0,1,0,0,0,9,1,1
교통사고,6,101,15,34,사지/골반골격|흉부,0,1,0,1,0,0,12,0,0
미끄러짐,6,108,17,52,사지/골반골격|체표면/기타,0,0,0,1,0,0,2,0,0
교통사고,3,84,26,80,체표면/기타|흉부,0,1,0,0,0,1,17,1,1
기타,1,67,26,36,사지/골반골격|흉부|복부/골반장기,0,1,1,1,0,1,16,1,1
미끄러짐,6,139,18,72,사지/골반골격|두부/경부,1,0,0,1,0,0,3,0,0
교통사고,6,153,21,82,사지/골반골격|체표면/기타,0,0,0,1,0,0,8,0,0
추락,6,136,22,45,사지/골반골격|두부/경부,1,0,0,1,0,0,1,0,0
교통사고,5,125,11,86,두부/경부,1,0,0,0,0,0,3,1,1
추락,3,109,18,66,사지/골반골격|두부/경부|흉부,1,1,0,1,0,1,16,1,1
미끄러짐,5,97,12,69,흉부,0,1,0,0,0,0,5,1,1
미끄러짐,5,130,16,35,체표면/기타|복부/골반장기|안면,0,0,1,0,0,0,3,1,1
추락,6,116,20,63,사지/골반골격|체표면/기타|두부/경부|복부/골반장기,1,0,1,1,0,0,11,0,0
부딪힘,6,149,14,48,사지/골반골격|안면,0,0,0,1,0,0,6,0,0
미끄러짐,5,128,11,35,안면,0,0,0,0,0,0,1,1,1
추락,5,54,23,62,사지/골반골격|흉부|안면,0,1,0,1,0,1,20,1,0
미끄러짐,5,162,18,72,흉부,0,1,0,0,0,0,3,1,1
교통사고,6,134,10,44,체표면/기타|두부/경부|흉부|복부/골반장기,1,1,1,0,0,0,5,0,0
교통사고,6,137,15,67,안면,0,0,0,0,0,0,2,0,0
교통사고,4,87,23,23,두부/경부|복부/골반장기|안면,1,0,1,0,0,1,18,1,1
추락,6,80,16,9,두부/경부,1,0,0,0,0,0,6,1,1
베임/찔림(관통상),6,132,18,43,사지/골반골격|복부/골반장기,0,0,1,1,0,0,10,0,0
교통사고,6,100,13,72,사지/골반골격|흉부,0,1,0,1,0,0,2,1,1
미끄러짐,5,94,11,8,체표면/기타|두부/경부|안면,1,0,0,0,0,0,8,1,1
미끄러짐,4,98,26,36,체표면/기타|두부/경부|흉부|복부/골반장기,1,1,1,0,0,1,19,1,1
교통사고,6,116,19,55,체표면/기타,0,0,0,0,0,0,10,0,0
미끄러짐,6,130,16,70,두부/경부|흉부,1,1,0,0,0,0,2,0,0
베임/찔림(관통상),6,131,18,67,사지/골반골격|체표면/기타|흉부|안면,0,1,0,1,0,0,12,0,0
기타,6,107,22,57,체표면/기타|두부/경부,1,0,0,0,0,0,1,0,0
미끄러짐,5,108,19,76,흉부|복부/골반장기,0,1,1,0,0,0,9,1,1
교통사고,6,134,17,38,사지/골반골격|체표면/기타|두부/경부,1,0,0,1,0,0,7,0,0
추락,5,105,22,36,사지/골반골격|흉부,0,1,0,1,0,0,7,1,1
교통사고,6,129,16,80,사지/골반골격|흉부,0,1,0,1,0,0,10,0,0
교통사고,4,112,7,41,흉부,0,1,0,0,0,1,16,1,1
추락,6,180,18,50,사지/골반골격|체표면/기타|흉부,0,1,0,1,0,0,2,0,0
부딪힘,6,131,18,4,사지/골반골격|체표면/기타,0,0,0,1,0,0,6,0,0
베임/찔림(관통상),6,101,31,47,흉부|복부/골반장기,0,1,1,0,0,1,17,1,1
추락,4,65,24,33,사지/골반골격|체표면/기타|두부/경부|흉부|복부/골반장기,1,1,1,1,0,1,33,1,1
기타,6,101,21,26,사지/골반골격|체표면/기타|두부/경부|흉부|복부/골반장기,1,1,1,1,0,0,3,0,0
추락,6,96,26,55,사지/골반골격|두부/경부|흉부,1,1,0,1,0,1,16,0,0
추락,6,113,14,71,체표면/기타,0,0,0,0,0,0,14,0,0
교통사고,6,93,16,65,두부/경부,1,0,0,0,0,0,13,1,1
미끄러짐,5,124,14,100,체표면/기타,0,0,0,0,0,0,1,1,1
기타,4,69,24,55,두부/경부,1,0,0,0,0,1,16,1,1
미끄러짐,6,69,22,77,사지/골반골격|두부/경부|흉부,1,1,0,1,0,1,22,1,0
부딪힘,6,112,21,34,체표면/기타,0,0,0,0,0,0,3,0,0
베임/찔림(관통상),2,101,35,31,사지/골반골격,0,0,0,1,0,1,16,1,1
미끄러짐,6,119,15,28,체표면/기타|두부/경부|흉부,1,1,0,0,0,0,8,0,0
기타,5,111,17,70,체표면/기타|복부/골반장기,0,0,1,0,0,0,3,1,1
교통사고,6,87,27,69,체표면/기타|두부/경부|흉부|복부/골반장기,1,1,1,0,0,1,16,1,1
미끄러짐,6,116,19,71,흉부|복부/골반장기,0,1,1,0,0,0,9,0,0
추락,3,99,15,67,두부/경부|흉부,1,1,0,0,0,1,26,1,1
미끄러짐,6,114,25,28,체표면/기타,0,0,0,0,0,0,8,0,0
교통사고,4,108,16,62,흉부|복부/골반장기,0,1,1,0,0,1,16,1,1
교통사고,3,101,24,71,사지/골반골격,0,0,0,1,0,1,22,1,1
교통사고,6,120,27,25,두부/경부|흉부,1,1,0,0,0,1,22,0,1
교통사고,1,96,26,54,두부/경부|흉부,1,1,0,0,0,1,18,1,1
교통사고,5,148,21,51,체표면/기타|흉부,0,1,0,0,0,0,13,1,1
교통사고,5,143,17,50,사지/골반골격|체표면/기타,0,0,0,1,0,0,1,1,1
미끄러짐,6,112,16,42,사지/골반골격|체표면/기타,0,0,0,1,0,0,6,0,0
부딪힘,6,144,13,64,사지/골반골격|복부/골반장기,0,0,1,1,0,0,6,0,1
교통사고,5,112,21,71,체표면/기타,0,0,0,0,0,0,6,1,1
미끄러짐,6,114,17,91,사지/골반골격,0,0,0,1,0,0,1,0,0
추락,6,136,13,57,두부/경부|복부/골반장기|안면,1,0,1,0,0,0,8,0,0
교통사고,5,100,26,74,두부/경부,1,0,0,0,0,1,16,1,1
미끄러짐,6,123,15,70,체표면/기타|흉부|복부/골반장기|안면,0,1,1,0,0,0,1,0,0
부딪힘,6,130,16,82,사지/골반골격|체표면/기타,0,0,0,1,0,0,2,0,0
교통사고,6,120,14,19,사지/골반골격,0,0,0,1,0,0,5,0,0
교통사고,4,117,25,72,체표면/기타|흉부,0,1,0,0,0,1,29,1,1
기타,5,135,10,64,사지/골반골격|두부/경부|흉부|복부/골반장기,1,1,1,1,0,0,5,1,1
교통사고,6,115,13,77,체표면/기타|안면,0,0,0,0,0,0,7,0,0
교통사고,4,91,32,51,사지/골반골격|흉부|복부/골반장기,0,1,1,1,0,1,31,1,1
추락,6,159,14,49,사지/골반골격|체표면/기타,0,0,0,1,0,0,7,0,0
미끄러짐,5,120,15,26,흉부,0,1,0,0,0,0,11,1,1
추락,4,83,22,58,두부/경부|흉부,1,1,0,0,0,1,24,1,1
미끄러짐,6,137,20,77,사지/골반골격|체표면/기타|안면,0,0,0,1,0,0,9,0,0
교통사고,5,83,21,10,두부/경부|흉부,1,1,0,0,0,1,18,1,1
미끄러짐,5,126,23,70,사지/골반골격|체표면/기타,0,0,0,1,0,0,3,1,1
미끄러짐,4,78,7,44,흉부|복부/골반장기,0,1,1,0,0,1,16,1,1
기타,6,138,12,80,사지/골반골격|체표면/기타,0,0,0,1,0,0,1,0,0
미끄러짐,6,114,10,45,사지/골반골격|체표면/기타,0,0,0,1,0,0,5,0,0
교통사고,6,73,26,78,두부/경부|흉부,1,1,0,0,0,1,16,1,0
교통사고,6,113,25,67,사지/골반골격|흉부|복부/골반장기,0,1,1,1,0,1,20,0,1
교통사고,6,127,21,41,체표면/기타|두부/경부,1,0,0,0,0,0,4,0,0
교통사고,4,120,19,77,체표면/기타|두부/경부|복부/골반장기,1,0,1,0,0,1,16,1,1
추락,6,138,19,84,흉부,0,1,0,0,0,0,5,0,0
베임/찔림(관통상),6,118,22,47,체표면/기타|흉부|안면,0,1,0,0,0,0,3,0,0
미끄러짐,6,123,21,67,사지/골반골격|체표면/기타|두부/경부|안면,1,0,0,1,0,0,2,0,0
교통사고,6,125,10,50,사지/골반골격,0,0,0,1,0,0,9,0,0
추락,4,97,21,69,체표면/기타|두부/경부|흉부|복부/골반장기,1,1,1,0,0,1,16,1,1
기타,6,145,19,38,두부/경부,1,0,0,0,0,0,6,0,0
교통사고,4,83,23,51,두부/경부|흉부|복부/골반장기,1,1,1,0,0,1,27,1,1
추락,4,115,27,63,두부/경부|흉부,1,1,0,0,0,1,25,1,1
교통사고,3,109,32,72,사지/골반골격|체표면/기타|두부/경부,1,0,0,1,0,1,22,1,1
추락,6,78,18,48,복부/골반장기,0,0,1,0,0,1,16,1,1
교통사고,6,118,19,90,흉부,0,1,0,0,0,0,11,0,0
교통사고,6,127,16,76,체표면/기타,0,0,0,0,0,0,5,0,0
교통사고,5,100,16,70,사지/골반골격|복부/골반장기,0,0,1,1,0,0,4,1,1
기타,1,95,15,33,두부/경부|복부/골반장기,1,0,1,0,0,1,16,1,1
교통사고,6,148,10,27,체표면/기타|두부/경부|흉부|복부/골반장기,1,1,1,0,0,0,3,0,0
추락,5,92,22,76,사지/골반골격|흉부,0,1,0,1,0,1,31,1,1
미끄러짐,6,123,19,69,사지/골반골격|체표면/기타,0,0,0,1,0,0,6,0,0
교통사고,5,120,16,4,체표면/기타,0,0,0,0,0,0,1,1,1
교통사고,5,80,18,34,체표면/기타|흉부,0,1,0,0,0,1,36,1,1
교통사고,2,90,23,69,두부/경부|복부/골반장기|안면,1,0,1,0,0,1,16,1,1
미끄러짐,6,96,17,62,두부/경부|복부/골반장기,1,0,1,0,0,0,7,0,0
교통사고,5,139,17,46,사지/골반골격|두부/경부|흉부,1,1,0,1,0,0,12,1,1
미끄러짐,6,125,12,51,흉부|복부/골반장기|안면,0,1,1,0,0,0,6,0,0
교통사고,5,86,17,81,체표면/기타|두부/경부|안면,1,0,0,0,0,0,5,1,1
미끄러짐,5,117,12,27,체표면/기타|두부/경부,1,0,0,0,0,0,5,1,1
미끄러짐,6,117,15,9,두부/경부|흉부,1,1,0,0,0,0,5,0,0
교통사고,4,104,25,76,흉부,0,1,0,0,0,1,21,1,1
교통사고,6,107,24,52,체표면/기타|흉부,0,1,0,0,0,0,4,0,0
미끄러짐,3,99,21,70,사지/골반골격|두부/경부|흉부,1,1,0,1,0,1,19,1,1
미끄러짐,6,133,16,85,사지/골반골격,0,0,0,1,0,0,3,0,0
추락,5,161,21,33,흉부,0,1,0,0,0,0,4,1,1
교통사고,6,68,14,33,사지/골반골격|두부/경부|흉부,1,1,0,1,0,1,16,1,1
부딪힘,5,106,22,84,체표면/기타|두부/경부|복부/골반장기,1,0,1,0,0,1,22,1,1
미끄러짐,6,130,17,80,사지/골반골격|체표면/기타|두부/경부,1,0,0,1,0,0,9,0,0
교통사고,4,96,15,20,체표면/기타,0,0,0,0,0,1,20,1,1
기타,3,96,17,17,사지/골반골격|체표면/기타|두부/경부|흉부,1,1,0,1,0,1,20,1,1
교통사고,6,158,20,51,체표면/기타|흉부,0,1,0,0,0,0,9,0,0
부딪힘,4,100,17,46,체표면/기타|두부/경부|흉부,1,1,0,0,0,1,24,1,1
추락,4,95,26,79,사지/골반골격|흉부|안면,0,1,0,1,0,1,24,1,1
교통사고,6,120,11,77,사지/골반골격|체표면/기타,0,0,0,1,0,0,5,0,0
미끄러짐,6,146,17,40,사지/골반골격,0,0,0,1,0,0,3,0,0
베임/찔림(관통상),6,78,23,76,체표면/기타,0,0,0,0,0,1,16,1,1
베임/찔림(관통상),3,78,31,44,두부/경부|흉부|복부/골반장기|안면,1,1,1,0,0,1,16,1,1
미끄러짐,5,132,18,70,체표면/기타,0,0,0,0,0,0,3,1,1
추락,6,74,19,77,두부/경부|흉부,1,1,0,0,0,1,23,1,1
추락,5,125,13,55,사지/골반골격|흉부|복부/골반장기,0,1,1,1,0,0,6,1,1
베임/찔림(관통상),1,111,21,82,사지/골반골격,0,0,0,1,0,1,27,1,1
미끄러짐,6,114,10,37,체표면/기타|흉부|안면,0,1,0,0,0,0,4,0,0
추락,5,142,16,33,사지/골반골격|두부/경부,1,0,0,1,0,0,4,1,1
교통사고,4,106,32,34,두부/경부,1,0,0,0,0,1,38,1,1
추락,6,115,17,41,체표면/기타|안면,0,0,0,0,0,0,8,0,0
부딪힘,6,105,16,45,체표면/기타,0,0,0,0,0,0,9,0,0
추락,5,117,16,3,체표면/기타,0,0,0,0,0,0,12,1,1
기타,6,126,12,78,사지/골반골격|두부/경부,1,0,0,1,0,0,4,0,0
교통사고,5,129,15,58,두부/경부|복부/골반장기,1,0,1,0,0,0,7,1,1
교통사고,5,140,14,28,두부/경부,1,0,0,0,0,0,9,1,1
교통사고,6,122,22,69,체표면/기타,0,0,0,0,0,0,10,0,0
교통사고,6,105,21,6,사지/골반골격|체표면/기타,0,0,0,1,0,0,4,0,0
추락,4,87,9,70,사지/골반골격|체표면/기타|두부/경부|흉부,1,1,0,1,0,1,26,1,1
기타,6,119,17,69,사지/골반골격|체표면/기타|두부/경부|안면,1,0,0,1,0,0,3,0,0
기타,6,129,15,60,사지/골반골격|복부/골반장기,0,0,1,1,0,0,1,0,0
미끄러짐,6,120,18,85,복부/골반장기,0,0,1,0,0,0,4,0,0
베임/찔림(관통상),4,118,14,56,사지/골반골격|체표면/기타|두부/경부|흉부|복부/골반장기,1,1,1,1,0,1,16,1,0
교통사고,4,81,23,68,체표면/기타|흉부|복부/골반장기,0,1,1,0,0,1,20,1,1
미끄러짐,6,136,12,64,체표면/기타,0,0,0,0,0,0,2,0,0
부딪힘,6,108,24,30,체표면/기타|두부/경부,1,0,0,0,0,0,8,0,0
교통사고,6,122,18,91,흉부,0,1,0,0,0,0,2,0,0
추락,1,71,28,78,사지/골반골격|두부/경부,1,0,0,1,0,1,21,1,1
추락,6,126,18,80,사지/골반골격|체표면/기타|두부/경부|흉부,1,1,0,1,0,0,7,0,0
미끄러짐,5,142,21,69,사지/골반골격|두부/경부,1,0,0,1,0,0,1,1,1
추락,4,80,23,37,사지/골반골격|두부/경부|흉부,1,1,0,1,0,1,25,1,0
추락,5,95,19,48,두부/경부|복부/골반장기,1,0,1,0,0,0,7,1,1
추락,6,125,17,52,복부/골반장기,0,0,1,0,0,0,12,0,0
추락,6,131,17,49,체표면/기타,0,0,0,0,0,0,7,0,0
기타,4,64,12,79,두부/경부,1,0,0,0,0,1,16,1,1
교통사고,5,80,18,82,사지/골반골격,0,0,0,1,0,1,35,1,1
미끄러짐,6,123,22,45,체표면/기타,0,0,0,0,0,0,3,0,0
교통사고,6,124,17,69,복부/골반장기,0,0,1,0,0,0,12,0,0
추락,6,152,16,39,체표면/기타|흉부,0,1,0,0,0,0,5,0,0
교통사고,4,102,8,32,두부/경부,1,0,0,0,0,1,18,1,1
교통사고,6,136,21,39,흉부,0,1,0,0,0,0,5,0,0
베임/찔림(관통상),5,94,12,70,두부/경부|복부/골반장기|안면,1,0,1,0,0,1,16,1,1
교통사고,5,109,25,46,사지/골반골격,0,0,0,1,0,0,6,1,1
교통사고,5,129,16,43,복부/골반장기,0,0,1,0,0,0,8,1,1
교통사고,4,79,22,52,사지/골반골격|흉부|복부/골반장기,0,1,1,1,0,1,16,1,1
미끄러짐,6,108,24,40,사지/골반골격|흉부,0,1,0,1,0,0,9,0,0
교통사고,5,86,11,57,체표면/기타,0,0,0,0,0,0,6,1,1
미끄러짐,6,119,14,34,사지/골반골격|체표면/기타|흉부,0,1,0,1,0,0,7,0,0
교통사고,3,91,25,20,두부/경부,1,0,0,0,0,1,16,1,1
추락,6,144,15,54,사지/골반골격|체표면/기타|두부/경부|흉부|안면,1,1,0,1,0,0,2,0,0
베임/찔림(관통상),6,130,18,72,체표면/기타|안면,0,0,0,0,0,0,6,0,0
교통사고,5,127,14,58,흉부|복부/골반장기,0,1,1,0,0,0,4,1,1
추락,6,118,25,80,두부/경부,1,0,0,0,0,0,3,0,0
미끄러짐,6,120,19,79,사지/골반골격|체표면/기타|복부/골반장기|안면,0,0,1,1,0,0,8,0,0
추락,6,114,16,84,사지/골반골격|체표면/기타|흉부,0,1,0,1,0,0,9,0,0
추락,3,88,19,85,사지/골반골격|흉부,0,1,0,1,0,1,25,1,1
추락,6,129,15,53,사지/골반골격|두부/경부|흉부|복부/골반장기,1,1,1,1,0,0,6,0,0
추락,2,95,15,72,사지/골반골격,0,0,0,1,0,1,24,1,1
추락,1,106,21,79,두부/경부|흉부,1,1,0,0,0,1,23,1,1
미끄러짐,5,102,17,39,사지/골반골격|복부/골반장기,0,0,1,1,0,0,6,1,1
교통사고,3,92,26,25,사지/골반골격|흉부,0,1,0,1,0,1,16,1,1
교통사고,6,156,14,1,흉부,0,1,0,0,0,0,10,0,1
교통사고,6,100,19,63,두부/경부|흉부,1,1,0,0,0,1,22,0,1
교통사고,3,95,25,44,두부/경부,1,0,0,0,0,1,17,1,1
교통사고,6,144,11,48,두부/경부|흉부,1,1,0,0,0,0,6,0,0
추락,5,89,20,74,두부/경부|흉부,1,1,0,0,0,1,25,1,1
추락,6,119,18,38,체표면/기타,0,0,0,0,0,0,9,0,0
미끄러짐,6,120,22,82,사지/골반골격|흉부,0,1,0,1,0,0,3,0,0
교통사고,6,143,19,50,흉부,0,1,0,0,0,0,4,0,1
베임/찔림(관통상),4,93,23,73,두부/경부|흉부,1,1,0,0,0,1,25,1,1
추락,4,60,8,80,흉부|복부/골반장기|안면,0,1,1,0,0,1,28,1,1
교통사고,6,99,20,58,사지/골반골격|복부/골반장기,0,0,1,1,0,0,7,0,0
추락,4,91,21,42,사지/골반골격,0,0,0,1,0,1,16,1,1
교통사고,6,122,11,62,체표면/기타|흉부,0,1,0,0,0,0,1,0,0
교통사고,4,63,28,72,사지/골반골격|두부/경부|흉부|복부/골반장기,1,1,1,1,0,1,20,1,1
교통사고,5,100,15,41,흉부|복부/골반장기,0,1,1,0,0,1,24,1,1
미끄러짐,6,137,21,78,체표면/기타|두부/경부,1,0,0,0,0,0,2,0,0
미끄러짐,6,138,12,70,사지/골반골격|흉부|복부/골반장기,0,1,1,1,0,0,2,0,0
기타,6,130,18,39,체표면/기타,0,0,0,0,0,0,8,0,0
미끄러짐,5,107,14,31,사지/골반골격|체표면/기타,0,0,0,1,0,0,7,1,1
부딪힘,5,108,15,40,사지/골반골격|두부/경부|복부/골반장기|안면,1,0,1,1,0,0,3,1,1
추락,5,77,36,38,사지/골반골격,0,0,0,1,0,1,16,1,1
추락,6,128,17,72,사지/골반골격,0,0,0,1,0,0,9,0,0
부딪힘,6,149,15,69,사지/골반골격|체표면/기타|두부/경부|흉부,1,1,0,1,0,0,6,0,0
기타,6,90,13,73,사지/골반골격|두부/경부|흉부,1,1,0,1,0,0,5,1,1
베임/찔림(관통상),4,69,15,65,사지/골반골격|두부/경부,1,0,0,1,0,1,32,1,1
베임/찔림(관통상),5,114,25,44,체표면/기타,0,0,0,0,0,1,22,1,1
교통사고,5,132,12,56,체표면/기타|흉부,0,1,0,0,0,0,9,1,1
교통사고,4,110,18,70,두부/경부|흉부|복부/골반장기,1,1,1,0,0,1,23,1,1
추락,6,118,12,82,두부/경부,1,0,0,0,0,0,6,0,0
추락,6,109,17,80,사지/골반골격|두부/경부,1,0,0,1,0,0,12,1,1
교통사고,5,132,17,78,사지/골반골격|흉부,0,1,0,1,0,0,9,1,1
미끄러짐,6,151,14,66,사지/골반골격|체표면/기타,0,0,0,1,0,0,3,0,0
베임/찔림(관통상),6,116,17,52,사지/골반골격|두부/경부,1,0,0,1,0,0,3,0,0
부딪힘,6,98,22,22,사지/골반골격|체표면/기타|두부/경부|흉부,1,1,0,1,0,0,1,0,0
교통사고,5,66,24,57,사지/골반골격,0,0,0,1,0,1,18,1,1
추락,6,124,16,40,체표면/기타|흉부|복부/골반장기,0,1,1,0,0,0,8,0,0
부딪힘,6,124,10,43,체표면/기타|두부/경부,1,0,0,0,0,0,4,0,0
미끄러짐,6,113,14,64,두부/경부|흉부,1,1,0,0,0,0,1,0,0
추락,5,115,14,38,사지/골반골격|복부/골반장기,0,0,1,1,0,0,6,1,1
교통사고,6,86,18,9,두부/경부|안면,1,0,0,0,0,0,2,1,1
베임/찔림(관통상),5,122,12,56,사지/골반골격|체표면/기타|흉부|안면,0,1,0,1,0,0,10,1,1
미끄러짐,6,154,16,60,체표면/기타,0,0,0,0,0,0,1,0,0
미끄러짐,6,153,17,7,체표면/기타|두부/경부,1,0,0,0,0,0,6,0,0
추락,3,96,28,77,두부/경부|흉부,1,1,0,0,0,1,16,1,1
교통사고,6,138,14,58,사지/골반골격|체표면/기타|두부/경부|흉부,1,1,0,1,0,0,12,0,0
부딪힘,6,116,11,75,사지/골반골격|두부/경부,1,0,0,1,0,0,5,0,0
미끄러짐,6,120,15,61,사지/골반골격,0,0,0,1,0,0,6,0,0
기타,6,138,17,78,사지/골반골격|흉부,0,1,0,1,0,0,7,0,0
교통사고,6,106,10,64,사지/골반골격|체표면/기타|복부/골반장기|안면,0,0,1,1,0,0,11,0,0
추락,3,74,18,65,체표면/기타|두부/경부|흉부,1,1,0,0,0,1,16,1,1
추락,5,104,19,33,사지/골반골격|두부/경부|안면,1,0,0,1,0,1,21,1,1
미끄러짐,5,118,16,2,사지/골반골격|두부/경부,1,0,0,1,0,0,4,1,1
미끄러짐,6,133,21,48,두부/경부,1,0,0,0,0,0,7,0,0
교통사고,6,128,13,73,사지/골반골격|두부/경부|흉부|복부/골반장기,1,1,1,1,0,0,7,0,0
미끄러짐,4,81,23,49,두부/경부|흉부,1,1,0,0,0,1,16,1,1
미끄러짐,4,86,25,77,두부/경부|복부/골반장기,1,0,1,0,0,1,16,1,1
교통사고,3,88,22,70,사지/골반골격|두부/경부|흉부|복부/골반장기,1,1,1,1,0,1,16,1,1
추락,6,98,24,32,사지/골반골격,0,0,0,1,0,0,6,0,0
추락,6,120,19,79,사지/골반골격,0,0,0,1,0,0,9,0,0
교통사고,4,104,9,35,체표면/기타|두부/경부,1,0,0,0,0,1,43,1,0
교통사고,6,94,18,1,체표면/기타|흉부,0,1,0,0,0,0,5,0,0
교통사고,6,124,20,74,체표면/기타|두부/경부,1,0,0,0,0,0,3,0,0
교통사고,6,131,10,19,사지/골반골격|체표면/기타,0,0,0,1,0,0,8,0,0
추락,5,97,19,72,체표면/기타,0,0,0,0,0,0,12,1,1
교통사고,6,132,17,33,사지/골반골격|복부/골반장기,0,0,1,1,0,0,9,0,0
교통사고,6,78,22,43,흉부|복부/골반장기,0,1,1,0,0,1,21,1,0
기타,6,103,20,68,사지/골반골격|체표면/기타|두부/경부|흉부|복부/골반장기,1,1,1,1,0,0,9,1,1
베임/찔림(관통상),6,75,8,77,사지/골반골격|체표면/기타|두부/경부|복부/골반장기,1,0,1,1,0,1,44,1,1
기타,6,91,20,83,체표면/기타,0,0,0,0,0,0,4,1,1
부딪힘,5,135,19,65,사지/골반골격|체표면/기타|흉부|복부/골반장기,0,1,1,1,0,0,8,1,1
교통사고,6,138,16,67,사지/골반골격|체표면/기타|흉부,0,1,0,1,0,0,6,0,0
교통사고,3,102,33,62,흉부,0,1,0,0,0,1,23,1,1
추락,6,96,20,39,체표면/기타,0,0,0,0,0,0,5,0,0
기타,6,95,13,74,체표면/기타|흉부,0,1,0,0,0,0,4,1,1
교통사고,5,145,27,2,사지/골반골격|체표면/기타|흉부,0,1,0,1,0,0,2,1,1
미끄러짐,6,112,23,10,체표면/기타|복부/골반장기,0,0,1,0,0,0,5,0,0
부딪힘,5,145,22,66,체표면/기타|복부/골반장기,0,0,1,0,0,0,3,1,1
기타,5,128,15,37,사지/골반골격|체표면/기타|안면,0,0,0,1,0,0,6,1,1
교통사고,6,98,22,42,사지/골반골격|복부/골반장기,0,0,1,1,0,0,6,0,0
추락,5,123,16,89,체표면/기타,0,0,0,0,0,0,1,1,1
교통사고,6,109,16,33,체표면/기타|두부/경부,1,0,0,0,0,0,2,0,0
추락,6,125,18,40,두부/경부|복부/골반장기,1,0,1,0,0,0,7,0,0
기타,6,130,14,51,사지/골반골격|두부/경부|흉부,1,1,0,1,0,0,11,0,0
미끄러짐,6,56,15,63,체표면/기타,0,0,0,0,0,1,16,1,1
교통사고,2,80,22,78,사지/골반골격|두부/경부|흉부|복부/골반장기,1,1,1,1,0,1,16,1,0
교통사고,6,72,17,68,흉부|복부/골반장기,0,1,1,0,0,1,16,1,1
미끄러짐,6,103,25,62,사지/골반골격|흉부,0,1,0,1,0,0,7,0,0
교통사고,6,100,13,78,사지/골반골격|체표면/기타,0,0,0,1,0,0,5,1,1
추락,2,117,15,32,흉부,0,1,0,0,0,1,27,1,1
추락,6,109,19,78,흉부|안면,0,1,0,0,0,0,13,1,1
추락,4,97,23,46,사지/골반골격|복부/골반장기,0,0,1,1,0,1,30,1,1
미끄러짐,5,111,20,59,체표면/기타|두부/경부|복부/골반장기,1,0,1,0,0,0,3,1,1
부딪힘,6,114,22,67,체표면/기타,0,0,0,0,0,0,11,0,0
교통사고,5,112,33,32,사지/골반골격|두부/경부,1,0,0,1,0,1,16,1,1
기타,2,80,33,76,흉부|복부/골반장기,0,1,1,0,0,1,16,1,1
미끄러짐,6,104,16,72,체표면/기타|두부/경부|흉부|복부/골반장기,1,1,1,0,0,0,7,1,1
교통사고,4,56,16,67,두부/경부|흉부,1,1,0,0,0,1,25,1,1
추락,6,127,17,16,체표면/기타,0,0,0,0,0,0,8,0,0
교통사고,5,120,12,78,체표면/기타|흉부,0,1,0,0,0,0,1,1,1
추락,6,111,12,49,사지/골반골격|두부/경부|흉부|복부/골반장기,1,1,1,1,0,0,7,0,0
기타,3,102,25,65,체표면/기타,0,0,0,0,0,1,16,1,1
교통사고,1,84,27,44,사지/골반골격|두부/경부|흉부,1,1,0,1,0,1,30,1,1
추락,2,88,20,27,체표면/기타|두부/경부|흉부,1,1,0,0,0,1,27,1,1
기타,5,94,10,49,사지/골반골격|체표면/기타|흉부|복부/골반장기,0,1,1,1,0,0,1,1,1
교통사고,6,120,22,52,체표면/기타|두부/경부,1,0,0,0,0,0,7,0,0
미끄러짐,2,91,27,31,체표면/기타|두부/경부|흉부,1,1,0,0,0,1,16,1,1
추락,4,99,19,62,흉부|복부/골반장기,0,1,1,0,0,1,16,1,1
교통사고,6,109,22,51,사지/골반골격|두부/경부|흉부|복부/골반장기,1,1,1,1,0,0,12,0,0
추락,4,114,24,28,사지/골반골격|흉부|안면,0,1,0,1,0,1,33,1,1
교통사고,5,114,30,85,체표면/기타|두부/경부|흉부|안면,1,1,0,0,0,1,35,1,1
교통사고,6,112,14,57,사지/골반골격|두부/경부,1,0,0,1,0,0,4,0,1
미끄러짐,6,92,24,73,사지/골반골격|두부/경부,1,0,0,1,0,1,16,1,1
미끄러짐,5,158,17,72,복부/골반장기,0,0,1,0,0,0,2,1,1
추락,6,128,16,85,사지/골반골격|두부/경부,1,0,0,1,0,0,6,0,0
교통사고,5,145,20,36,사지/골반골격|흉부|복부/골반장기,0,1,1,1,0,0,14,1,1
교통사고,5,86,23,73,두부/경부|흉부,1,1,0,0,0,1,23,1,1
추락,6,117,26,72,두부/경부|복부/골반장기,1,0,1,0,0,1,27,0,1
미끄러짐,6,137,12,46,체표면/기타|흉부,0,1,0,0,0,0,4,0,0
교통사고,4,84,18,43,사지/골반골격|두부/경부|흉부,1,1,0,1,0,1,16,1,1
추락,6,105,25,72,흉부,0,1,0,0,0,0,12,1,1
미끄러짐,6,105,10,35,사지/골반골격|두부/경부|흉부,1,1,0,1,0,0,10,0,0
교통사고,5,91,23,36,사지/골반골격|체표면/기타,0,0,0,1,0,1,22,1,1
미끄러짐,6,132,15,84,사지/골반골격|두부/경부,1,0,0,1,0,0,8,0,0
부딪힘,4,103,29,74,체표면/기타|두부/경부|흉부|복부/골반장기,1,1,1,0,0,1,16,1,0
미끄러짐,6,119,17,46,사지/골반골격|체표면/기타|흉부,0,1,0,1,0,0,3,0,0
추락,6,125,20,58,사지/골반골격|체표면/기타|두부/경부|복부/골반장기,1,0,1,1,0,0,10,0,0
교통사고,6,97,13,70,사지/골반골격|두부/경부|복부/골반장기,1,0,1,1,0,1,23,1,1
기타,6,134,14,69,체표면/기타|복부/골반장기,0,0,1,0,0,0,8,0,0
교통사고,6,123,18,35,사지/골반골격|체표면/기타|두부/경부,1,0,0,1,0,0,4,0,0
미끄러짐,1,117,29,80,사지/골반골격|두부/경부|안면,1,0,0,1,0,1,16,1,1
추락,5,79,6,74,사지/골반골격|체표면/기타|두부/경부,1,0,0,1,0,1,37,1,1
교통사고,5,109,17,76,사지/골반골격|안면,0,0,0,1,0,0,9,1,1
부딪힘,6,142,12,31,사지/골반골격,0,0,0,1,0,0,1,0,0
부딪힘,5,128,16,77,사지/골반골격|두부/경부|흉부,1,1,0,1,0,0,6,1,1
추락,5,106,32,67,사지/골반골격|체표면/기타|복부/골반장기,0,0,1,1,0,1,16,1,0
교통사고,6,144,15,79,체표면/기타|두부/경부,1,0,0,0,0,0,6,0,0
교통사고,6,69,27,36,사지/골반골격|두부/경부|흉부,1,1,0,1,0,1,36,1,1
교통사고,4,91,26,75,사지/골반골격|두부/경부,1,0,0,1,0,1,29,1,1
미끄러짐,6,84,19,74,사지/골반골격,0,0,0,1,0,0,1,1,0
교통사고,5,117,16,32,체표면/기타|안면,0,0,0,0,0,0,9,1,1
미끄러짐,6,119,19,21,두부/경부|복부/골반장기,1,0,1,0,0,0,8,0,0
교통사고,6,126,13,39,체표면/기타,0,0,0,0,0,0,1,0,0
추락,4,50,18,20,흉부,0,1,0,0,0,1,26,1,1
교통사고,5,85,19,51,사지/골반골격|체표면/기타|흉부,0,1,0,1,0,1,29,1,1
교통사고,6,143,20,80,체표면/기타|두부/경부,1,0,0,0,0,0,10,0,1
미끄러짐,6,122,16,17,체표면/기타,0,0,0,0,0,0,4,0,0
교통사고,6,103,17,44,사지/골반골격|체표면/기타|안면,0,0,0,1,0,0,7,0,0
추락,6,135,19,68,사지/골반골격|체표면/기타|두부/경부,1,0,0,1,0,0,1,0,0
미끄러짐,6,126,12,42,체표면/기타,0,0,0,0,0,0,4,0,0
추락,4,58,18,58,사지/골반골격|체표면/기타|흉부,0,1,0,1,0,1,18,1,1
기타,6,142,22,49,사지/골반골격|체표면/기타|흉부,0,1,0,1,0,0,6,0,0
베임/찔림(관통상),6,134,10,27,체표면/기타|흉부|안면,0,1,0,0,0,0,1,0,0
미끄러짐,5,90,17,76,흉부|복부/골반장기,0,1,1,0,0,1,21,1,1
교통사고,3,105,26,34,두부/경부|흉부,1,1,0,0,0,1,42,1,1
교통사고,6,119,16,74,사지/골반골격|체표면/기타|두부/경부|복부/골반장기,1,0,1,1,0,0,5,0,1
기타,5,145,12,45,두부/경부|흉부,1,1,0,0,0,0,8,1,1
교통사고,5,91,13,45,사지/골반골격,0,0,0,1,0,0,6,1,1
기타,6,114,28,44,두부/경부,1,0,0,0,0,0,6,0,0
베임/찔림(관통상),6,65,24,40,체표면/기타|흉부,0,1,0,0,0,1,25,1,1
미끄러짐,5,135,13,89,사지/골반골격|두부/경부|흉부,1,1,0,1,0,0,9,1,1
교통사고,6,173,10,78,체표면/기타,0,0,0,0,0,0,7,0,0
미끄러짐,6,115,17,78,사지/골반골격|체표면/기타|안면,0,0,0,1,0,0,4,0,0
교통사고,1,91,22,69,흉부|복부/골반장기,0,1,1,0,0,1,36,1,1
교통사고,2,85,23,61,흉부|복부/골반장기,0,1,1,0,0,1,26,1,1
부딪힘,5,165,16,34,체표면/기타,0,0,0,0,0,0,7,1,1
기타,5,122,23,35,체표면/기타,0,0,0,0,0,0,3,1,1
교통사고,6,112,22,64,체표면/기타,0,0,0,0,0,0,9,0,0
추락,6,124,16,23,복부/골반장기,0,0,1,0,0,0,11,0,0
교통사고,5,124,15,71,체표면/기타|흉부,0,1,0,0,0,0,10,1,1
교통사고,6,123,10,33,복부/골반장기|안면,0,0,1,0,0,0,11,0,0
기타,6,151,24,90,체표면/기타,0,0,0,0,0,0,10,0,0
미끄러짐,6,117,19,52,체표면/기타|두부/경부|흉부|복부/골반장기,1,1,1,0,0,0,2,0,0
베임/찔림(관통상),6,146,16,82,체표면/기타,0,0,0,0,0,0,8,0,0
베임/찔림(관통상),6,111,15,41,체표면/기타,0,0,0,0,0,0,5,0,0
교통사고,6,100,19,24,사지/골반골격|흉부,0,1,0,1,0,0,12,0,0
교통사고,6,123,19,51,체표면/기타|두부/경부,1,0,0,0,0,0,8,0,0
추락,6,73,20,26,사지/골반골격|두부/경부|흉부|복부/골반장기,1,1,1,1,0,1,35,1,1
교통사고,6,119,19,73,사지/골반골격|흉부,0,1,0,1,0,0,7,0,0
추락,4,72,25,41,체표면/기타|두부/경부|흉부|복부/골반장기,1,1,1,0,0,1,16,1,1
교통사고,3,101,19,40,두부/경부|흉부,1,1,0,0,0,1,28,1,1
추락,5,120,14,77,체표면/기타|복부/골반장기,0,0,1,0,0,0,11,1,1
미끄러짐,5,111,13,42,사지/골반골격|복부/골반장기|안면,0,0,1,1,0,0,3,1,1
미끄러짐,6,101,6,68,흉부,0,1,0,0,0,1,16,1,1
교통사고,3,99,28,65,두부/경부|흉부|복부/골반장기,1,1,1,0,0,1,16,1,1
교통사고,6,150,20,80,사지/골반골격,0,0,0,1,0,0,2,0,0
교통사고,6,127,15,55,체표면/기타,0,0,0,0,0,0,8,0,0
교통사고,6,128,13,86,흉부,0,1,0,0,0,0,6,0,0
교통사고,5,105,22,37,체표면/기타,0,0,0,0,0,0,14,1,1
기타,6,113,15,41,사지/골반골격|두부/경부|흉부,1,1,0,1,0,0,5,0,0
미끄러짐,6,96,19,70,사지/골반골격,0,0,0,1,0,0,1,1,1
교통사고,5,136,10,61,체표면/기타|안면,0,0,0,0,0,0,9,1,1
부딪힘,5,116,15,4,사지/골반골격|체표면/기타|흉부,0,1,0,1,0,0,9,1,1
미끄러짐,6,108,16,24,체표면/기타,0,0,0,0,0,0,7,0,0
교통사고,5,87,13,67,사지/골반골격,0,0,0,1,0,0,10,1,1
교통사고,6,65,25,68,두부/경부,1,0,0,0,0,1,25,1,1
추락,6,114,15,43,체표면/기타|두부/경부|안면,1,0,0,0,0,0,7,0,0
미끄러짐,6,145,19,26,사지/골반골격|두부/경부,1,0,0,1,0,0,5,0,0
추락,3,84,21,73,흉부|복부/골반장기|안면,0,1,1,0,0,1,16,1,1
베임/찔림(관통상),6,140,17,44,사지/골반골격|체표면/기타|두부/경부,1,0,0,1,0,0,9,0,0
추락,6,134,20,39,사지/골반골격|체표면/기타|흉부|복부/골반장기,0,1,1,1,0,0,7,0,0
부딪힘,6,100,15,39,두부/경부,1,0,0,0,0,0,1,0,0
기타,6,118,15,42,두부/경부,1,0,0,0,0,0,10,0,0
교통사고,6,105,17,33,체표면/기타|복부/골반장기,0,0,1,0,0,0,15,0,0
미끄러짐,5,119,24,70,사지/골반골격,0,0,0,1,0,0,4,1,1
교통사고,6,139,15,42,사지/골반골격|체표면/기타,0,0,0,1,0,0,9,0,0
교통사고,6,136,10,72,사지/골반골격|체표면/기타|두부/경부|흉부|복부/골반장기,1,1,1,1,0,0,9,0,0
교통사고,3,77,18,66,사지/골반골격|체표면/기타|두부/경부,1,0,0,1,0,1,16,1,1
미끄러짐,6,104,18,82,체표면/기타|복부/골반장기,0,0,1,0,0,0,5,1,1
기타,5,68,30,47,사지/골반골격|흉부|복부/골반장기,0,1,1,1,0,1,16,1,1
교통사고,6,98,14,86,사지/골반골격|두부/경부|흉부|안면,1,1,0,1,0,1,29,1,1
교통사고,5,95,20,60,사지/골반골격|흉부|복부/골반장기,0,1,1,1,0,1,16,1,1
미끄러짐,6,80,18,76,흉부,0,1,0,0,0,0,1,1,1
추락,5,57,24,50,사지/골반골격|두부/경부|흉부,1,1,0,1,0,1,16,1,1
교통사고,1,82,31,80,두부/경부|흉부,1,1,0,0,0,1,37,1,0
기타,5,175,12,65,체표면/기타|안면,0,0,0,0,0,0,4,1,1
교통사고,2,96,18,47,두부/경부|복부/골반장기,1,0,1,0,0,1,16,1,1
추락,6,120,13,66,사지/골반골격|체표면/기타|흉부,0,1,0,1,0,0,7,0,1
베임/찔림(관통상),6,67,14,75,두부/경부|복부/골반장기,1,0,1,0,0,1,16,1,1
기타,6,122,17,52,사지/골반골격|체표면/기타|흉부,0,1,0,1,0,0,5,0,0
기타,3,93,16,62,두부/경부|흉부,1,1,0,0,0,1,16,1,1
추락,6,151,15,70,사지/골반골격|체표면/기타|두부/경부,1,0,0,1,0,0,7,0,0
베임/찔림(관통상),3,89,21,40,체표면/기타|두부/경부|흉부,1,1,0,0,0,1,16,1,1
추락,6,100,15,66,체표면/기타,0,0,0,0,0,0,10,1,1
교통사고,6,136,20,41,사지/골반골격|체표면/기타|흉부|안면,0,1,0,1,0,0,3,0,0
미끄러짐,5,156,19,53,체표면/기타|복부/골반장기|안면,0,0,1,0,0,0,1,1,1
교통사고,4,103,20,74,사지/골반골격|흉부|복부/골반장기,0,1,1,1,0,1,20,1,1
교통사고,3,70,31,90,사지/골반골격|두부/경부|흉부,1,1,0,1,0,1,28,1,1
교통사고,3,125,18,78,흉부,0,1,0,0,0,1,33,1,1
추락,5,84,25,1,두부/경부|흉부,1,1,0,0,0,1,16,1,1
교통사고,6,122,17,88,사지/골반골격|체표면/기타|두부/경부,1,0,0,1,0,0,9,0,0
교통사고,5,60,31,34,사지/골반골격|체표면/기타|두부/경부|흉부|복부/골반장기,1,1,1,1,0,1,25,1,1
미끄러짐,6,130,21,36,사지/골반골격|안면,0,0,0,1,0,0,8,0,0
교통사고,5,133,15,38,흉부|복부/골반장기,0,1,1,0,0,0,5,1,1
추락,4,90,30,28,사지/골반골격|체표면/기타|흉부,0,1,0,1,0,1,22,1,1
교통사고,5,117,16,49,두부/경부|복부/골반장기,1,0,1,0,0,1,16,1,1
미끄러짐,6,144,17,75,사지/골반골격,0,0,0,1,0,0,4,0,0
미끄러짐,6,107,21,47,흉부|복부/골반장기,0,1,1,0,0,0,11,0,0
교통사고,5,87,31,66,사지/골반골격|체표면/기타|안면,0,0,0,1,0,1,35,1,1
미끄러짐,6,135,16,67,체표면/기타|흉부,0,1,0,0,0,0,3,0,0
교통사고,5,110,19,80,체표면/기타|두부/경부|흉부|복부/골반장기,1,1,1,0,0,1,16,1,1
교통사고,3,69,17,77,사지/골반골격|두부/경부|흉부,1,1,0,1,0,1,19,1,1
교통사고,6,139,19,86,체표면/기타,0,0,0,0,0,0,4,0,1
교통사고,4,94,11,79,체표면/기타|두부/경부|흉부|복부/골반장기,1,1,1,0,0,1,16,1,1
교통사고,6,109,10,32,흉부,0,1,0,0,0,0,4,0,0
기타,5,107,22,68,두부/경부|흉부|복부/골반장기,1,1,1,0,0,0,3,1,1
미끄러짐,6,147,18,45,사지/골반골격|두부/경부|흉부,1,1,0,1,0,0,3,0,0
미끄러짐,6,150,14,30,사지/골반골격|두부/경부,1,0,0,1,0,0,5,0,0
추락,4,50,12,75,두부/경부,1,0,0,0,0,1,23,1,1
추락,5,114,17,40,체표면/기타|두부/경부|흉부,1,1,0,0,0,0,7,1,1
미끄러짐,6,103,15,13,체표면/기타,0,0,0,0,0,0,4,0,0
교통사고,6,117,16,64,체표면/기타|복부/골반장기,0,0,1,0,0,0,5,0,0
추락,1,87,22,34,체표면/기타|두부/경부,1,0,0,0,0,1,19,1,1
추락,4,87,26,72,체표면/기타|흉부,0,1,0,0,0,1,17,1,1
미끄러짐,4,95,26,44,흉부,0,1,0,0,0,1,16,1,1
미끄러짐,6,118,17,80,사지/골반골격,0,0,0,1,0,0,4,0,1
추락,5,125,13,70,사지/골반골격|복부/골반장기,0,0,1,1,0,0,3,1,1
교통사고,5,95,23,3,흉부,0,1,0,0,0,1,19,1,0
교통사고,6,129,19,10,사지/골반골격|체표면/기타,0,0,0,1,0,0,12,0,0
미끄러짐,5,128,15,78,사지/골반골격|두부/경부|흉부|복부/골반장기,1,1,1,1,0,0,5,1,1
추락,6,124,16,22,체표면/기타,0,0,0,0,0,0,7,0,0
교통사고,6,108,27,57,두부/경부,1,0,0,0,0,0,5,0,0
부딪힘,6,80,24,67,두부/경부|흉부,1,1,0,0,0,1,16,1,1
추락,6,112,20,67,사지/골반골격|체표면/기타|복부/골반장기,0,0,1,1,0,0,10,0,0
베임/찔림(관통상),4,107,27,73,체표면/기타|두부/경부|흉부,1,1,0,0,0,1,40,1,1
교통사고,6,117,20,65,체표면/기타,0,0,0,0,0,0,3,0,1
부딪힘,3,76,24,31,사지/골반골격|두부/경부|흉부,1,1,0,1,0,1,16,1,1
기타,6,119,16,27,흉부,0,1,0,0,0,0,1,0,0
미끄러짐,6,123,26,61,체표면/기타,0,0,0,0,0,0,6,0,0
교통사고,6,152,18,41,사지/골반골격|체표면/기타,0,0,0,1,0,0,6,0,0
추락,6,146,21,72,사지/골반골격|체표면/기타|두부/경부,1,0,0,1,0,0,5,0,0
추락,6,129,21,43,사지/골반골격|복부/골반장기,0,0,1,1,0,0,4,0,0
교통사고,6,106,14,45,사지/골반골격|체표면/기타|흉부,0,1,0,1,0,0,5,0,0
부딪힘,6,118,16,25,두부/경부|복부/골반장기,1,0,1,0,0,0,9,0,1
추락,3,70,27,42,체표면/기타|두부/경부|흉부,1,1,0,0,0,1,29,1,1
기타,6,132,16,65,체표면/기타|두부/경부|복부/골반장기,1,0,1,0,0,0,9,0,1
부딪힘,6,118,14,62,사지/골반골격|체표면/기타,0,0,0,1,0,0,4,0,0
추락,1,104,29,46,사지/골반골격|흉부,0,1,0,1,0,1,26,1,1
추락,6,112,12,79,체표면/기타,0,0,0,0,0,0,6,0,1
교통사고,3,109,17,48,사지/골반골격|두부/경부|흉부,1,1,0,1,0,1,16,1,1
부딪힘,6,138,18,60,흉부,0,1,0,0,0,0,11,0,0
교통사고,5,73,18,42,흉부,0,1,0,0,0,1,16,1,1
교통사고,6,113,19,65,사지/골반골격,0,0,0,1,0,0,4,0,0
미끄러짐,2,71,18,66,사지/골반골격,0,0,0,1,0,1,16,1,1
교통사고,5,114,18,11,두부/경부,1,0,0,0,0,0,7,1,1
미끄러짐,6,123,10,45,두부/경부|흉부,1,1,0,0,0,0,7,0,0
미끄러짐,6,150,14,55,사지/골반골격|체표면/기타|흉부,0,1,0,1,0,0,6,0,0
교통사고,6,125,11,80,사지/골반골격|체표면/기타|안면,0,0,0,1,0,0,8,0,0
교통사고,5,115,11,29,체표면/기타|흉부,0,1,0,0,0,0,10,1,1
추락,6,113,10,70,체표면/기타,0,0,0,0,0,0,1,0,0
미끄러짐,3,80,23,47,체표면/기타|두부/경부|흉부|복부/골반장기,1,1,1,0,0,1,16,1,1
교통사고,3,93,26,70,체표면/기타,0,0,0,0,0,1,22,1,1
미끄러짐,6,101,15,32,체표면/기타,0,0,0,0,0,0,5,0,0
부딪힘,5,125,18,58,체표면/기타,0,0,0,0,0,0,8,1,1
추락,6,110,17,18,복부/골반장기,0,0,1,0,0,0,5,0,0
교통사고,5,50,28,45,사지/골반골격,0,0,0,1,0,1,31,1,1
부딪힘,6,123,13,40,체표면/기타|복부/골반장기,0,0,1,0,0,0,1,0,0
추락,4,74,31,42,사지/골반골격|흉부,0,1,0,1,0,1,29,1,1
교통사고,6,127,15,75,체표면/기타|복부/골반장기|안면,0,0,1,0,0,0,14,0,1
교통사고,5,80,21,29,두부/경부|흉부|복부/골반장기,1,1,1,0,0,1,16,1,1
기타,4,113,19,35,사지/골반골격|체표면/기타|흉부|복부/골반장기,0,1,1,1,0,1,16,1,1
미끄러짐,5,58,29,59,사지/골반골격|체표면/기타|두부/경부|안면,1,0,0,1,0,1,17,1,1
교통사고,4,78,30,70,체표면/기타|두부/경부|복부/골반장기,1,0,1,0,0,1,23,1,1
기타,6,141,21,76,체표면/기타,0,0,0,0,0,0,6,0,0
부딪힘,5,126,19,41,사지/골반골격|두부/경부,1,0,0,1,0,0,3,1,1
교통사고,5,137,17,70,체표면/기타,0,0,0,0,0,0,12,1,1
기타,6,103,14,18,흉부,0,1,0,0,0,0,4,0,1
교통사고,6,125,24,84,사지/골반골격|두부/경부|복부/골반장기,1,0,1,1,0,0,8,0,0
미끄러짐,6,130,21,43,사지/골반골격,0,0,0,1,0,0,7,0,0
부딪힘,6,118,16,67,흉부,0,1,0,0,0,0,5,0,0
교통사고,3,78,22,84,사지/골반골격|두부/경부|흉부,1,1,0,1,0,1,16,1,1
교통사고,6,126,14,72,사지/골반골격|두부/경부|복부/골반장기,1,0,1,1,0,0,7,0,0
추락,6,125,24,79,사지/골반골격|두부/경부|흉부|복부/골반장기|안면,1,1,1,1,0,0,8,0,0
부딪힘,5,122,22,54,사지/골반골격|체표면/기타|두부/경부,1,0,0,1,0,0,10,1,1
추락,6,128,11,10,사지/골반골격|체표면/기타|복부/골반장기|안면,0,0,1,1,0,0,6,0,0
추락,6,145,26,49,체표면/기타|두부/경부|흉부,1,1,0,0,0,0,15,0,0
기타,5,135,17,10,두부/경부,1,0,0,0,0,0,5,1,0
미끄러짐,6,93,19,26,체표면/기타,0,0,0,0,0,0,1,0,0
기타,6,131,24,71,두부/경부|흉부,1,1,0,0,0,0,5,0,0
추락,5,108,14,76,체표면/기타|흉부,0,1,0,0,0,0,11,1,1
미끄러짐,6,128,17,4,사지/골반골격|두부/경부,1,0,0,1,0,0,12,0,1
베임/찔림(관통상),5,118,18,77,흉부,0,1,0,0,0,0,14,1,1
미끄러짐,5,86,24,48,사지/골반골격|흉부,0,1,0,1,0,1,19,1,1
미끄러짐,6,111,14,58,사지/골반골격|체표면/기타|흉부,0,1,0,1,0,0,5,0,1
교통사고,2,85,24,50,두부/경부|복부/골반장기,1,0,1,0,0,1,30,1,1
미끄러짐,4,89,32,64,사지/골반골격|체표면/기타|두부/경부|흉부,1,1,0,1,0,1,16,1,1
추락,2,100,14,30,사지/골반골격,0,0,0,1,0,1,17,1,1
교통사고,3,63,19,52,사지/골반골격|체표면/기타|흉부|복부/골반장기,0,1,1,1,0,1,16,1,1
부딪힘,6,108,15,72,체표면/기타|복부/골반장기,0,0,1,0,0,0,6,1,1
교통사고,6,123,16,71,체표면/기타|흉부|복부/골반장기|안면,0,1,1,0,0,0,7,0,0
추락,3,76,17,77,두부/경부|흉부|복부/골반장기,1,1,1,0,0,1,16,1,1
베임/찔림(관통상),5,113,15,74,사지/골반골격|체표면/기타|복부/골반장기|안면,0,0,1,1,0,0,6,1,1
교통사고,6,102,24,51,체표면/기타|두부/경부|흉부|복부/골반장기,1,1,1,0,0,0,11,0,0
미끄러짐,6,102,15,68,체표면/기타,0,0,0,0,0,0,2,1,1
미끄러짐,6,137,17,45,안면,0,0,0,0,0,0,5,0,0
교통사고,3,67,14,62,두부/경부|복부/골반장기|안면,1,0,1,0,0,1,16,1,1
추락,6,125,16,78,사지/골반골격|체표면/기타|두부/경부|흉부,1,1,0,1,0,0,7,0,0
베임/찔림(관통상),5,145,12,59,사지/골반골격|두부/경부|흉부,1,1,0,1,0,0,12,1,1
미끄러짐,6,133,20,48,체표면/기타|두부/경부|흉부,1,1,0,0,0,0,2,0,0
교통사고,6,99,17,50,두부/경부|흉부|복부/골반장기,1,1,1,0,0,0,9,0,0
미끄러짐,6,118,15,38,사지/골반골격|안면,0,0,0,1,0,0,1,0,0
교통사고,2,97,10,70,체표면/기타,0,0,0,0,0,1,16,1,1
교통사고,5,82,28,71,사지/골반골격|두부/경부|흉부|복부/골반장기,1,1,1,1,0,1,30,1,1
교통사고,6,123,16,46,체표면/기타|두부/경부,1,0,0,0,0,0,1,0,0
교통사고,4,61,22,78,사지/골반골격|두부/경부|안면,1,0,0,1,0,1,16,1,0
미끄러짐,6,153,12,84,두부/경부,1,0,0,0,0,0,1,0,0
기타,6,110,20,71,체표면/기타|흉부,0,1,0,0,0,0,6,0,0
부딪힘,6,127,15,59,사지/골반골격,0,0,0,1,0,0,10,0,0
추락,6,115,19,45,사지/골반골격|체표면/기타,0,0,0,1,0,0,12,0,0
교통사고,3,86,31,10,사지/골반골격|두부/경부|흉부|안면,1,1,0,1,0,1,21,1,1
미끄러짐,5,111,13,52,사지/골반골격|흉부,0,1,0,1,0,0,2,1,1
추락,3,69,22,29,체표면/기타,0,0,0,0,0,1,23,1,1
교통사고,3,65,15,78,사지/골반골격|복부/골반장기,0,0,1,1,0,1,25,1,1
교통사고,3,94,10,56,흉부,0,1,0,0,0,1,16,1,1
교통사고,5,104,22,50,사지/골반골격|두부/경부,1,0,0,1,0,1,16,1,1
교통사고,6,121,17,28,사지/골반골격|복부/골반장기,0,0,1,1,0,0,6,0,0
교통사고,4,81,25,34,두부/경부|복부/골반장기,1,0,1,0,0,1,19,1,1
추락,5,136,22,41,사지/골반골격|두부/경부,1,0,0,1,0,0,4,1,1
교통사고,5,67,17,6,두부/경부|흉부,1,1,0,0,0,1,25,1,1
미끄러짐,5,126,16,17,체표면/기타,0,0,0,0,0,0,3,1,0
추락,5,75,20,41,체표면/기타|두부/경부|흉부,1,1,0,0,0,1,23,1,1
미끄러짐,5,148,23,70,사지/골반골격|흉부|안면,0,1,0,1,0,0,4,1,1
교통사고,6,95,12,78,사지/골반골격|체표면/기타|복부/골반장기,0,0,1,1,0,0,3,1,1
미끄러짐,6,113,13,40,체표면/기타|흉부,0,1,0,0,0,0,11,0,0
교통사고,5,108,18,66,체표면/기타|두부/경부|안면,1,0,0,0,0,0,7,1,1
추락,5,104,11,53,체표면/기타|두부/경부|흉부|복부/골반장기,1,1,1,0,0,1,22,1,1
부딪힘,5,115,16,85,사지/골반골격,0,0,0,1,0,0,8,1,1
추락,6,131,17,30,흉부|복부/골반장기,0,1,1,0,0,0,14,0,0
추락,4,89,20,44,사지/골반골격|체표면/기타|흉부|복부/골반장기,0,1,1,1,0,1,18,1,1
미끄러짐,6,110,13,63,체표면/기타|두부/경부,1,0,0,0,0,0,6,0,0
미끄러짐,6,109,12,43,두부/경부,1,0,0,0,0,0,8,0,0
추락,3,74,17,13,사지/골반골격|체표면/기타|두부/경부|흉부,1,1,0,1,0,1,28,1,1
미끄러짐,6,102,19,4,두부/경부,1,0,0,0,0,0,1,0,0
교통사고,3,110,23,36,두부/경부|흉부,1,1,0,0,0,1,17,1,1
교통사고,6,130,17,11,체표면/기타,0,0,0,0,0,0,1,0,0
부딪힘,6,108,22,25,사지/골반골격|두부/경부|흉부,1,1,0,1,0,0,2,0,0
미끄러짐,1,84,23,42,흉부|복부/골반장기,0,1,1,0,0,1,17,1,1
추락,1,105,17,40,흉부,0,1,0,0,0,1,16,1,1
추락,4,124,23,41,사지/골반골격|체표면/기타|두부/경부|흉부,1,1,0,1,0,1,16,1,1
기타,5,105,13,43,흉부|복부/골반장기,0,1,1,0,0,0,6,1,1
교통사고,6,107,21,93,체표면/기타,0,0,0,0,0,0,1,1,1
교통사고,6,113,24,75,사지/골반골격|체표면/기타|두부/경부|흉부,1,1,0,1,0,1,23,0,1
교통사고,5,97,15,65,사지/골반골격,0,0,0,1,0,1,30,1,1
교통사고,6,114,16,27,흉부,0,1,0,0,0,0,1,0,0
부딪힘,5,126,15,77,사지/골반골격|체표면/기타|두부/경부,1,0,0,1,0,0,13,1,1
미끄러짐,4,76,27,73,사지/골반골격|두부/경부,1,0,0,1,0,1,21,1,1
미끄러짐,5,147,20,77,사지/골반골격|체표면/기타|두부/경부|흉부,1,1,0,1,0,0,4,1,1
부딪힘,4,112,17,43,체표면/기타|두부/경부|흉부,1,1,0,0,0,1,16,1,1
추락,5,93,16,74,사지/골반골격|흉부|안면,0,1,0,1,0,1,33,1,1
추락,6,154,23,12,사지/골반골격|두부/경부|흉부,1,1,0,1,0,1,34,0,1
교통사고,2,82,16,44,흉부|복부/골반장기,0,1,1,0,0,1,26,1,1
교통사고,5,130,19,70,체표면/기타|흉부,0,1,0,0,0,0,4,1,0
교통사고,4,104,18,65,사지/골반골격|복부/골반장기,0,0,1,1,0,1,24,1,1
교통사고,5,80,24,43,두부/경부|흉부,1,1,0,0,0,1,18,1,1
교통사고,6,131,12,1,사지/골반골격|두부/경부,1,0,0,1,0,0,1,0,0
교통사고,4,82,18,51,체표면/기타,0,0,0,0,0,1,16,1,1
미끄러짐,5,139,17,72,안면,0,0,0,0,0,0,3,1,1
교통사고,6,143,14,72,안면,0,0,0,0,0,0,9,0,1
부딪힘,6,137,11,13,체표면/기타,0,0,0,0,0,0,8,0,0
교통사고,5,68,19,37,사지/골반골격|두부/경부|흉부|복부/골반장기,1,1,1,1,0,1,16,1,1
부딪힘,6,118,20,52,사지/골반골격|체표면/기타|흉부,0,1,0,1,0,0,6,0,0
미끄러짐,6,117,15,61,사지/골반골격,0,0,0,1,0,0,10,0,0
교통사고,6,157,17,10,복부/골반장기,0,0,1,0,0,0,8,0,0
베임/찔림(관통상),4,101,29,48,사지/골반골격|두부/경부|복부/골반장기,1,0,1,1,0,1,29,1,1
교통사고,6,118,24,40,체표면/기타|흉부|안면,0,1,0,0,0,0,14,0,0
미끄러짐,6,133,20,58,체표면/기타|두부/경부|안면,1,0,0,0,0,0,4,0,0
미끄러짐,6,99,17,55,안면,0,0,0,0,0,0,4,0,0
추락,6,130,22,37,사지/골반골격|체표면/기타,0,0,0,1,0,0,3,0,0
미끄러짐,6,125,16,50,체표면/기타|두부/경부|흉부,1,1,0,0,0,0,6,0,0
미끄러짐,2,82,21,48,사지/골반골격|체표면/기타|복부/골반장기,0,0,1,1,0,1,22,1,1
기타,1,68,18,40,두부/경부|안면,1,0,0,0,0,1,16,1,1
추락,4,61,23,31,사지/골반골격|흉부,0,1,0,1,0,1,39,1,1
미끄러짐,5,159,15,54,사지/골반골격|체표면/기타,0,0,0,1,0,0,8,1,1
교통사고,3,98,14,34,흉부|안면,0,1,0,0,0,1,37,1,1
부딪힘,5,97,15,13,체표면/기타,0,0,0,0,0,0,3,1,0
추락,2,117,19,79,두부/경부|흉부,1,1,0,0,0,1,20,1,1
미끄러짐,6,134,16,24,체표면/기타,0,0,0,0,0,0,1,0,0
추락,6,118,14,71,사지/골반골격|체표면/기타|흉부|복부/골반장기,0,1,1,1,0,0,8,0,0
교통사고,6,98,21,33,사지/골반골격,0,0,0,1,0,1,17,0,0
부딪힘,6,137,18,73,두부/경부,1,0,0,0,0,0,4,0,0
미끄러짐,6,121,15,50,흉부|안면,0,1,0,0,0,0,8,0,0
교통사고,6,165,10,70,사지/골반골격|체표면/기타|흉부|복부/골반장기,0,1,1,1,0,0,6,0,0
교통사고,2,124,19,76,사지/골반골격|흉부|복부/골반장기,0,1,1,1,0,1,16,1,1
교통사고,6,112,19,43,사지/골반골격|두부/경부|흉부,1,1,0,1,0,0,3,0,0
기타,5,141,12,38,사지/골반골격|체표면/기타|두부/경부,1,0,0,1,0,0,2,1,1
교통사고,5,159,11,65,체표면/기타|흉부,0,1,0,0,0,0,6,1,1
추락,6,60,27,23,체표면/기타|두부/경부|안면,1,0,0,0,0,1,24,1,1
교통사고,6,117,15,1,사지/골반골격|두부/경부,1,0,0,1,0,0,12,0,0
교통사고,6,113,21,83,사지/골반골격|체표면/기타|흉부|복부/골반장기,0,1,1,1,0,0,8,0,0
미끄러짐,6,123,17,40,사지/골반골격|두부/경부,1,0,0,1,0,0,2,0,0
미끄러짐,6,98,17,63,체표면/기타|흉부,0,1,0,0,0,0,7,0,1
미끄러짐,6,127,10,58,체표면/기타,0,0,0,0,0,0,3,0,0
추락,6,67,16,82,사지/골반골격|체표면/기타|두부/경부|흉부|복부/골반장기,1,1,1,1,0,1,17,1,1
추락,6,133,19,43,사지/골반골격|흉부|안면,0,1,0,1,0,0,4,0,0
교통사고,1,77,24,45,체표면/기타|두부/경부|흉부|복부/골반장기,1,1,1,0,0,1,19,1,1
부딪힘,6,124,15,80,흉부,0,1,0,0,0,0,6,0,0
교통사고,6,119,14,42,체표면/기타,0,0,0,0,0,0,4,0,0
미끄러짐,5,84,33,63,체표면/기타|두부/경부,1,0,0,0,0,1,16,1,1
미끄러짐,5,111,17,49,체표면/기타,0,0,0,0,0,0,4,1,1
교통사고,6,117,13,67,체표면/기타,0,0,0,0,0,0,6,0,0
미끄러짐,5,116,22,56,사지/골반골격|두부/경부,1,0,0,1,0,0,4,1,1
추락,2,102,33,48,사지/골반골격|흉부,0,1,0,1,0,1,16,1,1
미끄러짐,6,98,17,14,체표면/기타,0,0,0,0,0,0,3,0,0
부딪힘,5,131,23,47,사지/골반골격,0,0,0,1,0,0,9,1,1
교통사고,6,128,19,55,사지/골반골격,0,0,0,1,0,0,7,0,0
미끄러짐,6,118,13,24,체표면/기타|흉부|안면,0,1,0,0,0,0,7,0,0
미끄러짐,6,139,18,33,흉부,0,1,0,0,0,0,7,0,0
교통사고,4,90,34,71,체표면/기타|두부/경부,1,0,0,0,0,1,20,1,1
교통사고,6,102,14,81,체표면/기타|두부/경부|흉부|안면,1,1,0,0,0,0,2,1,1
교통사고,4,107,29,51,흉부|복부/골반장기,0,1,1,0,0,1,17,1,1
미끄러짐,5,116,24,64,사지/골반골격|두부/경부,1,0,0,1,0,0,8,1,1
추락,6,107,21,38,사지/골반골격|체표면/기타|두부/경부,1,0,0,1,0,0,6,0,0
미끄러짐,6,88,18,83,사지/골반골격|복부/골반장기,0,0,1,1,0,1,16,1,1
기타,6,110,19,35,사지/골반골격|체표면/기타|안면,0,0,0,1,0,0,9,0,0
미끄러짐,6,124,17,80,체표면/기타,0,0,0,0,0,0,2,0,0
교통사고,6,155,21,37,복부/골반장기,0,0,1,0,0,0,2,0,0
부딪힘,5,166,17,28,흉부|복부/골반장기,0,1,1,0,0,0,7,1,1
교통사고,4,73,21,67,체표면/기타,0,0,0,0,0,1,23,1,1
미끄러짐,6,132,22,47,체표면/기타|두부/경부|흉부,1,1,0,0,0,0,3,0,0
추락,6,156,14,49,사지/골반골격|체표면/기타,0,0,0,1,0,0,10,0,0
미끄러짐,5,123,14,42,체표면/기타,0,0,0,0,0,0,6,1,1
미끄러짐,5,122,21,79,체표면/기타|두부/경부|흉부,1,1,0,0,0,0,5,1,1
기타,6,80,17,82,사지/골반골격|두부/경부|흉부,1,1,0,1,0,1,16,1,1
교통사고,3,50,17,63,체표면/기타|두부/경부|흉부|복부/골반장기,1,1,1,0,0,1,22,1,1
베임/찔림(관통상),6,156,15,39,체표면/기타|두부/경부|흉부,1,1,0,0,0,0,6,0,0
교통사고,1,79,16,61,사지/골반골격|체표면/기타|두부/경부|안면,1,0,0,1,0,1,18,1,1
교통사고,4,95,27,88,두부/경부|흉부,1,1,0,0,0,1,16,1,1
기타,4,78,18,81,흉부,0,1,0,0,0,1,16,1,1
추락,6,139,19,34,사지/골반골격|체표면/기타|두부/경부|흉부,1,1,0,1,0,0,15,0,0
미끄러짐,5,109,10,48,사지/골반골격|복부/골반장기,0,0,1,1,0,0,8,1,1
미끄러짐,6,119,20,72,사지/골반골격|체표면/기타,0,0,0,1,0,0,6,0,0
교통사고,3,87,28,70,체표면/기타|흉부|안면,0,1,0,0,0,1,16,1,1
교통사고,6,124,15,64,사지/골반골격|두부/경부|복부/골반장기,1,0,1,1,0,0,5,0,0
추락,5,82,24,66,사지/골반골격|두부/경부|흉부,1,1,0,1,0,1,31,1,1
교통사고,6,111,19,41,체표면/기타,0,0,0,0,0,0,1,0,0
베임/찔림(관통상),6,147,11,80,사지/골반골격|체표면/기타,0,0,0,1,0,0,4,0,0
교통사고,6,92,22,41,사지/골반골격|체표면/기타|두부/경부|흉부,1,1,0,1,0,1,16,0,1
추락,6,114,24,42,두부/경부|흉부,1,1,0,0,0,1,26,0,1
추락,4,75,19,67,두부/경부|흉부,1,1,0,0,0,1,18,1,1
기타,5,80,19,84,사지/골반골격|흉부,0,1,0,1,0,0,6,1,1
추락,3,103,21,40,체표면/기타|두부/경부|흉부,1,1,0,0,0,1,25,1,0
교통사고,5,107,15,25,사지/골반골격|체표면/기타|두부/경부|복부/골반장기,1,0,1,1,0,0,7,1,1
추락,2,96,25,38,흉부,0,1,0,0,0,1,18,1,1
미끄러짐,5,107,12,42,사지/골반골격|두부/경부,1,0,0,1,0,0,8,1,1
교통사고,6,117,17,65,흉부,0,1,0,0,0,0,7,0,0
교통사고,4,76,13,72,체표면/기타|두부/경부|안면,1,0,0,0,0,1,16,1,1
추락,6,112,18,79,체표면/기타,0,0,0,0,0,0,3,0,0
추락,6,116,19,66,사지/골반골격|체표면/기타|복부/골반장기|안면,0,0,1,1,0,0,8,0,0
교통사고,5,116,21,31,흉부,0,1,0,0,0,1,23,1,1
미끄러짐,6,114,16,76,체표면/기타,0,0,0,0,0,0,5,0,0
미끄러짐,6,121,29,66,두부/경부|흉부,1,1,0,0,0,1,19,0,1
교통사고,4,81,18,24,흉부,0,1,0,0,0,1,26,1,1
교통사고,6,88,13,66,두부/경부|복부/골반장기,1,0,1,0,0,0,4,1,1
기타,6,144,15,47,사지/골반골격|두부/경부,1,0,0,1,0,0,5,0,0
추락,5,110,10,44,사지/골반골격|안면,0,0,0,1,0,0,8,1,1
베임/찔림(관통상),6,96,15,62,사지/골반골격|체표면/기타,0,0,0,1,0,0,4,0,0
미끄러짐,6,123,27,87,사지/골반골격,0,0,0,1,0,0,1,0,0
교통사고,5,105,13,38,체표면/기타,0,0,0,0,0,0,9,1,1
미끄러짐,6,110,13,69,사지/골반골격,0,0,0,1,0,0,6,0,0
부딪힘,6,143,17,2,체표면/기타|두부/경부|흉부,1,1,0,0,0,0,11,0,0
교통사고,6,142,19,78,사지/골반골격|체표면/기타,0,0,0,1,0,0,9,0,0
추락,2,76,25,50,사지/골반골격|체표면/기타|두부/경부|복부/골반장기,1,0,1,1,0,1,25,1,1
기타,6,125,14,69,체표면/기타|두부/경부,1,0,0,0,0,0,3,0,0
미끄러짐,5,153,17,71,사지/골반골격|흉부|안면,0,1,0,1,0,0,7,1,1
추락,6,131,13,73,흉부|복부/골반장기,0,1,1,0,0,0,7,0,0
미끄러짐,6,144,13,22,두부/경부|안면,1,0,0,0,0,0,8,0,0
교통사고,6,114,10,42,사지/골반골격|흉부|복부/골반장기|안면,0,1,1,1,0,0,2,0,0
추락,6,97,12,27,두부/경부|안면,1,0,0,0,0,0,5,0,0
미끄러짐,5,125,19,80,사지/골반골격|체표면/기타|흉부,0,1,0,1,0,0,6,1,1
미끄러짐,5,153,16,72,사지/골반골격|체표면/기타,0,0,0,1,0,0,3,1,1
교통사고,6,136,20,74,체표면/기타|두부/경부,1,0,0,0,0,0,2,0,0
추락,6,151,16,77,사지/골반골격|체표면/기타|두부/경부,1,0,0,1,0,0,5,0,0
부딪힘,5,137,16,69,복부/골반장기,0,0,1,0,0,0,7,1,1
교통사고,6,143,22,27,체표면/기타,0,0,0,0,0,0,6,0,0
미끄러짐,6,127,13,62,사지/골반골격|체표면/기타|흉부|복부/골반장기|안면,0,1,1,1,0,0,5,0,0
미끄러짐,6,114,11,32,체표면/기타,0,0,0,0,0,0,8,0,0
교통사고,3,100,11,24,두부/경부|흉부,1,1,0,0,0,1,23,1,1
기타,6,107,21,43,체표면/기타|흉부|복부/골반장기,0,1,1,0,0,0,4,0,0
기타,5,125,12,46,사지/골반골격|두부/경부,1,0,0,1,0,0,2,1,1
기타,6,115,11,70,체표면/기타|두부/경부|안면,1,0,0,0,0,0,5,0,0
미끄러짐,6,105,21,25,두부/경부|안면,1,0,0,0,0,0,7,0,0
부딪힘,1,79,9,53,두부/경부|흉부|안면,1,1,0,0,0,1,19,1,1
교통사고,6,96,14,25,체표면/기타|두부/경부|안면,1,0,0,0,0,0,7,0,0
베임/찔림(관통상),2,75,25,24,사지/골반골격|두부/경부|복부/골반장기,1,0,1,1,0,1,23,1,1
교통사고,6,131,13,52,사지/골반골격|체표면/기타,0,0,0,1,0,0,9,0,1
추락,6,130,13,66,사지/골반골격|두부/경부,1,0,0,1,0,0,11,0,0
기타,6,124,18,81,체표면/기타|복부/골반장기,0,0,1,0,0,0,8,0,0
베임/찔림(관통상),4,81,18,39,체표면/기타|두부/경부|흉부|복부/골반장기,1,1,1,0,0,1,18,1,1
교통사고,3,66,28,44,사지/골반골격|흉부|복부/골반장기,0,1,1,1,0,1,32,1,1
베임/찔림(관통상),6,122,19,43,체표면/기타,0,0,0,0,0,0,3,0,0
미끄러짐,6,115,21,69,체표면/기타|흉부,0,1,0,0,0,0,2,0,0
미끄러짐,5,60,15,85,체표면/기타,0,0,0,0,0,1,19,1,1
부딪힘,6,118,10,13,사지/골반골격|체표면/기타|흉부,0,1,0,1,0,0,8,0,0
추락,1,78,7,42,사지/골반골격|두부/경부|흉부,1,1,0,1,0,1,19,1,1
베임/찔림(관통상),5,124,14,50,사지/골반골격|체표면/기타|흉부,0,1,0,1,0,0,7,1,1
추락,5,101,20,39,사지/골반골격|체표면/기타|두부/경부|흉부,1,1,0,1,0,1,16,1,1
부딪힘,6,123,18,54,사지/골반골격|체표면/기타|안면,0,0,0,1,0,0,6,0,0
교통사고,6,101,16,28,체표면/기타|두부/경부,1,0,0,0,0,0,4,0,0
교통사고,6,124,16,79,사지/골반골격|체표면/기타,0,0,0,1,0,0,7,0,0
교통사고,6,132,27,59,사지/골반골격|두부/경부|흉부,1,1,0,1,0,0,2,0,0
교통사고,6,120,19,74,사지/골반골격,0,0,0,1,0,0,8,0,0
미끄러짐,6,97,16,86,체표면/기타|흉부,0,1,0,0,0,0,5,1,1
미끄러짐,6,110,22,22,사지/골반골격,0,0,0,1,0,0,7,0,0
미끄러짐,6,132,23,50,체표면/기타,0,0,0,0,0,0,3,0,0
기타,6,150,16,79,사지/골반골격,0,0,0,1,0,0,9,0,0
추락,2,93,17,71,사지/골반골격|두부/경부|흉부|복부/골반장기|안면,1,1,1,1,0,1,29,1,0
추락,6,99,20,70,사지/골반골격|체표면/기타,0,0,0,1,0,0,10,1,1
미끄러짐,4,63,26,53,체표면/기타|두부/경부,1,0,0,0,0,1,16,1,1
추락,4,94,25,78,사지/골반골격|두부/경부|흉부,1,1,0,1,0,1,32,1,1
부딪힘,6,115,11,73,사지/골반골격|체표면/기타,0,0,0,1,0,0,2,0,0
교통사고,5,92,19,29,흉부|복부/골반장기,0,1,1,0,0,1,18,1,1
교통사고,4,83,29,14,사지/골반골격|흉부|복부/골반장기,0,1,1,1,0,1,16,1,1
교통사고,6,110,17,70,사지/골반골격|체표면/기타,0,0,0,1,0,0,1,0,0
미끄러짐,5,123,13,23,두부/경부,1,0,0,0,0,0,1,1,1
추락,4,106,27,38,사지/골반골격|안면,0,0,0,1,0,1,23,1,1
교통사고,3,74,20,82,사지/골반골격|두부/경부|흉부,1,1,0,1,0,1,29,1,1
베임/찔림(관통상),3,111,26,38,사지/골반골격|두부/경부|흉부|복부/골반장기,1,1,1,1,0,1,28,1,1
추락,6,129,15,39,체표면/기타|흉부|복부/골반장기,0,1,1,0,0,0,3,0,0
교통사고,3,105,16,81,체표면/기타|두부/경부|복부/골반장기,1,0,1,0,0,1,16,1,1
교통사고,6,108,18,57,사지/골반골격|체표면/기타|두부/경부|안면,1,0,0,1,0,0,11,0,0
추락,6,114,18,62,체표면/기타|두부/경부,1,0,0,0,0,0,8,0,0
미끄러짐,2,87,24,14,두부/경부|흉부,1,1,0,0,0,1,19,1,0
부딪힘,6,97,10,75,사지/골반골격|체표면/기타|두부/경부,1,0,0,1,0,0,1,1,1
교통사고,6,119,16,25,사지/골반골격|두부/경부|흉부,1,1,0,1,0,0,8,0,0
교통사고,6,143,16,66,사지/골반골격|체표면/기타|두부/경부,1,0,0,1,0,0,10,0,0
베임/찔림(관통상),3,93,22,80,흉부|복부/골반장기,0,1,1,0,0,1,42,1,1
미끄러짐,6,103,15,62,안면,0,0,0,0,0,0,3,0,0
교통사고,6,108,15,42,두부/경부,1,0,0,0,0,0,3,0,0
미끄러짐,6,60,27,16,사지/골반골격|두부/경부|흉부,1,1,0,1,0,1,16,1,1
미끄러짐,5,111,21,77,체표면/기타|두부/경부,1,0,0,0,0,0,9,1,1
베임/찔림(관통상),3,93,7,50,두부/경부|흉부|복부/골반장기,1,1,1,0,0,1,38,1,1
교통사고,6,150,15,43,사지/골반골격|체표면/기타|두부/경부|흉부,1,1,0,1,0,0,2,0,0
교통사고,6,124,19,42,체표면/기타,0,0,0,0,0,0,6,0,0
추락,6,85,28,77,안면,0,0,0,0,0,1,22,1,1
미끄러짐,6,117,18,76,사지/골반골격|체표면/기타,0,0,0,1,0,0,3,0,1
미끄러짐,5,113,10,71,체표면/기타,0,0,0,0,0,0,4,1,1
미끄러짐,6,127,17,40,사지/골반골격|두부/경부|흉부,1,1,0,1,0,0,3,0,0
추락,6,103,13,1,사지/골반골격|체표면/기타|두부/경부|복부/골반장기,1,0,1,1,0,0,8,0,0
미끄러짐,6,125,17,41,사지/골반골격|안면,0,0,0,1,0,0,11,0,0
교통사고,5,62,19,77,사지/골반골격|두부/경부|복부/골반장기,1,0,1,1,0,1,29,1,1
베임/찔림(관통상),5,85,21,12,사지/골반골격|흉부,0,1,0,1,0,1,20,1,1
미끄러짐,5,115,14,76,사지/골반골격|흉부,0,1,0,1,0,0,2,1,1
미끄러짐,6,127,18,67,체표면/기타|두부/경부,1,0,0,0,0,0,3,0,0
미끄러짐,5,72,12,68,사지/골반골격|복부/골반장기,0,0,1,1,0,1,16,1,1
교통사고,5,140,20,77,사지/골반골격|흉부|복부/골반장기,0,1,1,1,0,0,13,1,1
추락,5,91,14,70,체표면/기타|흉부|복부/골반장기,0,1,1,0,0,1,16,1,1
부딪힘,6,80,14,47,흉부,0,1,0,0,0,0,6,1,1
교통사고,5,96,15,64,사지/골반골격|두부/경부,1,0,0,1,0,1,16,1,1
교통사고,6,112,13,73,체표면/기타,0,0,0,0,0,0,7,0,0
베임/찔림(관통상),4,81,18,75,두부/경부|안면,1,0,0,0,0,1,45,1,1
기타,6,71,22,26,두부/경부|흉부,1,1,0,0,0,1,16,1,1
부딪힘,5,125,18,42,사지/골반골격|복부/골반장기,0,0,1,1,0,0,3,1,1
미끄러짐,6,133,16,87,사지/골반골격|체표면/기타|복부/골반장기,0,0,1,1,0,0,3,0,0
교통사고,6,50,15,36,사지/골반골격|체표면/기타|두부/경부|흉부|복부/골반장기,1,1,1,1,0,1,27,1,0
미끄러짐,6,123,13,74,사지/골반골격|체표면/기타|흉부,0,1,0,1,0,0,4,0,0
부딪힘,6,108,22,78,사지/골반골격|체표면/기타,0,0,0,1,0,0,6,1,1
교통사고,6,111,10,46,사지/골반골격,0,0,0,1,0,0,1,0,0
추락,6,142,16,43,체표면/기타|흉부,0,1,0,0,0,0,11,0,0
미끄러짐,6,131,21,74,사지/골반골격,0,0,0,1,0,0,2,0,0
부딪힘,5,143,10,74,체표면/기타|안면,0,0,0,0,0,0,9,1,1
교통사고,5,95,21,83,사지/골반골격|체표면/기타|두부/경부|흉부|복부/골반장기|안면,1,1,1,1,0,1,16,1,1
추락,6,117,17,74,두부/경부|흉부,1,1,0,0,0,1,18,0,0
추락,5,118,11,83,사지/골반골격|체표면/기타|흉부,0,1,0,1,0,0,12,1,1
교통사고,6,142,17,67,사지/골반골격|체표면/기타,0,0,0,1,0,0,7,0,0
베임/찔림(관통상),6,131,25,41,사지/골반골격|복부/골반장기|안면,0,0,1,1,0,0,15,0,0
교통사고,6,118,16,66,두부/경부,1,0,0,0,0,0,2,0,0
교통사고,4,108,21,45,사지/골반골격|체표면/기타|두부/경부|흉부,1,1,0,1,0,1,23,1,1
미끄러짐,6,111,15,80,체표면/기타|흉부|복부/골반장기,0,1,1,0,0,1,16,0,1
추락,6,130,16,42,체표면/기타,0,0,0,0,0,0,4,0,0
교통사고,6,109,15,27,두부/경부,1,0,0,0,0,0,1,0,0
교통사고,6,136,16,21,사지/골반골격|체표면/기타,0,0,0,1,0,0,13,0,1
교통사고,6,138,16,48,체표면/기타|두부/경부|흉부,1,1,0,0,0,0,12,0,0